0.000000 0.000000
0.001000 0.000650
0.002000 0.000870
0.003000 0.000940
0.004000 0.000980
0.005000 0.001030
0.006000 0.001030
0.007000 0.001070
0.008000 0.001050
0.009000 0.001080
0.010000 0.001130
0.011000 0.001120
0.012000 0.001110
0.013000 0.001150
0.014000 0.001130
0.015000 0.001220
0.016000 0.001250
0.017000 0.001260
0.018000 0.001250
0.019000 0.001320
0.020000 0.001440
0.021000 0.001400
0.022000 0.001350
0.023000 0.001440
0.024000 0.001470
0.025000 0.001590
0.026000 0.001580
0.027000 0.001670
0.028000 0.001630
0.029000 0.001560
0.030000 0.001580
0.031000 0.001770
0.032000 0.001760
0.033000 0.001780
0.034000 0.001750
0.035000 0.001780
0.036000 0.001830
0.037000 0.001920
0.038000 0.001920
0.039000 0.001970
0.040000 0.001940
0.041000 0.002040
0.042000 0.002070
0.043000 0.002140
0.044000 0.002150
0.045000 0.002160
0.046000 0.002130
0.047000 0.002250
0.048000 0.002290
0.049000 0.002330
0.050000 0.002140
0.051000 0.002220
0.052000 0.002430
0.053000 0.002280
0.054000 0.002340
0.055000 0.002420
0.056000 0.002400
0.057000 0.002490
0.058000 0.002480
0.059000 0.002420
0.060000 0.002550
0.061000 0.002490
0.062000 0.002430
0.063000 0.002530
0.064000 0.002450
0.065000 0.002590
0.066000 0.002560
0.067000 0.002590
0.068000 0.002760
0.069000 0.002740
0.070000 0.002850
0.071000 0.002780
0.072000 0.002760
0.073000 0.002930
0.074000 0.002860
0.075000 0.002740
0.076000 0.002850
0.077000 0.002890
0.078000 0.002860
0.079000 0.002990
0.080000 0.003060
0.081000 0.003000
0.082000 0.003100
0.083000 0.003070
0.084000 0.003080
0.085000 0.003160
0.086000 0.003170
0.087000 0.003280
0.088000 0.003120
0.089000 0.003260
0.090000 0.003210
0.091000 0.003350
0.092000 0.003210
0.093000 0.003220
0.094000 0.003350
0.095000 0.003470
0.096000 0.003380
0.097000 0.003530
0.098000 0.003530
0.099000 0.003520
0.100000 0.003340
0.101000 0.003410
0.102000 0.003710
0.103000 0.003590
0.104000 0.003620
0.105000 0.003740
0.106000 0.003560
0.107000 0.003700
0.108000 0.003660
0.109000 0.003720
0.110000 0.003590
0.111000 0.003780
0.112000 0.003790
0.113000 0.003920
0.114000 0.003980
0.115000 0.003770
0.116000 0.004030
0.117000 0.003810
0.118000 0.003900
0.119000 0.004060
0.120000 0.003950
0.121000 0.003920
0.122000 0.003960
0.123000 0.004000
0.124000 0.004240
0.125000 0.004210
0.126000 0.004210
0.127000 0.004250
0.128000 0.004230
0.129000 0.004300
0.130000 0.004330
0.131000 0.004230
0.132000 0.004350
0.133000 0.004500
0.134000 0.004430
0.135000 0.004540
0.136000 0.004400
0.137000 0.004790
0.138000 0.004610
0.139000 0.004490
0.140000 0.004600
0.141000 0.004760
0.142000 0.004640
0.143000 0.004550
0.144000 0.005000
0.145000 0.004470
0.146000 0.004610
0.147000 0.004570
0.148000 0.004470
0.149000 0.004760
0.150000 0.004770
0.151000 0.004660
0.152000 0.004750
0.153000 0.004940
0.154000 0.004880
0.155000 0.005100
0.156000 0.005030
0.157000 0.005020
0.158000 0.004960
0.159000 0.005130
0.160000 0.005060
0.161000 0.005290
0.162000 0.005160
0.163000 0.005130
0.164000 0.005210
0.165000 0.005330
0.166000 0.005210
0.167000 0.005370
0.168000 0.005600
0.169000 0.005440
0.170000 0.005360
0.171000 0.005610
0.172000 0.005480
0.173000 0.005490
0.174000 0.005580
0.175000 0.005760
0.176000 0.005790
0.177000 0.005610
0.178000 0.005480
0.179000 0.005660
0.180000 0.005600
0.181000 0.005580
0.182000 0.005870
0.183000 0.005940
0.184000 0.005770
0.185000 0.005720
0.186000 0.005980
0.187000 0.006100
0.188000 0.006200
0.189000 0.006090
0.190000 0.005970
0.191000 0.005970
0.192000 0.006410
0.193000 0.006250
0.194000 0.006070
0.195000 0.006280
0.196000 0.006280
0.197000 0.006410
0.198000 0.006480
0.199000 0.006370
0.200000 0.006170
0.201000 0.006780
0.202000 0.006420
0.203000 0.006540
0.204000 0.006710
0.205000 0.006470
0.206000 0.006730
0.207000 0.006550
0.208000 0.006680
0.209000 0.006900
0.210000 0.006790
0.211000 0.007170
0.212000 0.006620
0.213000 0.006940
0.214000 0.007240
0.215000 0.007150
0.216000 0.007160
0.217000 0.006970
0.218000 0.007080
0.219000 0.007070
0.220000 0.007290
0.221000 0.007330
0.222000 0.007520
0.223000 0.007250
0.224000 0.007170
0.225000 0.007510
0.226000 0.007420
0.227000 0