0.000000 0.000000
0.010000 0.006540
0.020000 0.009230
0.030000 0.010420
0.040000 0.011580
0.050000 0.012410
0.060000 0.013750
0.070000 0.014750
0.080000 0.016620
0.090000 0.018000
0.100000 0.019210
0.110000 0.020740
0.120000 0.022420
0.130000 0.024070
0.140000 0.026210
0.150000 0.027570
0.160000 0.029910
0.170000 0.031290
0.180000 0.033860
0.190000 0.035730
0.200000 0.038620
0.210000 0.040090
0.220000 0.041760
0.230000 0.045120
0.240000 0.047250
0.250000 0.049800
0.260000 0.053100
0.270000 0.056580
0.280000 0.059550
0.290000 0.062840
0.300000 0.067280
0.310000 0.069490
0.320000 0.074940
0.330000 0.078540
0.340000 0.085100
0.350000 0.089070
0.360000 0.095340
0.370000 0.101920
0.380000 0.108230
0.390000 0.116960
0.400000 0.124290
0.410000 0.134850
0.420000 0.145520
0.430000 0.154510
0.440000 0.167630
0.450000 0.179980
0.460000 0.194090
0.470000 0.219840
0.480000 0.244680
0.490000 0.273950
0.500000 0.307280
0.510000 0.343960
0.520000 0.404100
0.530000 0.461910
0.540000 0.568380
0.550000 0.660130
0.560000 0.877010
0.570000 1.041400
0.580000 1.384450
0.590000 1.630560
0.600000 1.921270
0.610000 2.054790
0.620000 2.043900
0.630000 1.942120
0.640000 1.835510
0.650000 1.733540
0.660000 1.661730
0.670000 1.589470
0.680000 1.540340
0.690000 1.488550
0.700000 1.455940
0.710000 1.417020
0.720000 1.384390
0.730000 1.357750
0.740000 1.335080
0.750000 1.310300
0.760000 1.290170
0.770000 1.273050
0.780000 1.252810
0.790000 1.236910
0.800000 1.220760
0.810000 1.207870
0.820000 1.194990
0.830000 1.179990
0.840000 1.167970
0.850000 1.157500
0.860000 1.146430
0.870000 1.135830
0.880000 1.125570
0.890000 1.116160
0.900000 1.105610
0.910000 1.096670
0.920000 1.087310
0.930000 1.079040
0.940000 1.070590
0.950000 1.061770
0.960000 1.053250
0.970000 1.044300
0.980000 1.035150
0.990000 1.024930
1.000000 1.000000
