0.000000 0.000000
0.010000 0.003267
0.020000 0.003670
0.030000 0.004173
0.040000 0.004777
0.050000 0.005533
0.060000 0.006330
0.070000 0.006910
0.080000 0.007483
0.090000 0.008260
0.100000 0.008830
0.110000 0.009617
0.120000 0.010300
0.130000 0.011190
0.140000 0.011723
0.150000 0.012753
0.160000 0.013270
0.170000 0.014233
0.180000 0.015107
0.190000 0.015850
0.200000 0.016733
0.210000 0.017833
0.220000 0.018993
0.230000 0.019960
0.240000 0.020790
0.250000 0.021947
0.260000 0.023750
0.270000 0.024943
0.280000 0.026433
0.290000 0.027700
0.300000 0.029503
0.310000 0.031330
0.320000 0.033020
0.330000 0.035347
0.340000 0.037530
0.350000 0.040650
0.360000 0.042360
0.370000 0.046380
0.380000 0.048910
0.390000 0.052573
0.400000 0.056143
0.410000 0.060890
0.420000 0.065863
0.430000 0.071347
0.440000 0.077813
0.450000 0.085667
0.460000 0.092460
0.470000 0.106763
0.480000 0.117603
0.490000 0.130807
0.500000 0.147203
0.510000 0.166620
0.520000 0.197973
0.530000 0.230407
0.540000 0.284670
0.550000 0.344323
0.560000 0.467513
0.570000 0.663860
0.580000 1.072643
0.590000 1.875777
0.600000 2.363923
0.610000 2.221667
0.620000 1.954463
0.630000 1.781760
0.640000 1.671307
0.650000 1.587960
0.660000 1.526257
0.670000 1.474400
0.680000 1.430580
0.690000 1.395003
0.700000 1.366413
0.710000 1.339337
0.720000 1.314867
0.730000 1.292780
0.740000 1.272723
0.750000 1.254473
0.760000 1.237767
0.770000 1.221917
0.780000 1.207390
0.790000 1.194360
0.800000 1.180680
0.810000 1.169363
0.820000 1.157793
0.830000 1.146933
0.840000 1.136257
0.850000 1.126750
0.860000 1.116987
0.870000 1.108043
0.880000 1.099360
0.890000 1.091010
0.900000 1.082733
0.910000 1.075057
0.920000 1.067210
0.930000 1.059707
0.940000 1.052330
0.950000 1.045167
0.960000 1.038010
0.970000 1.030843
0.980000 1.023500
0.990000 1.015517
1.000000 1.000000
