0.000000 0.000000
0.010000 0.007800
0.020000 0.013600
0.030000 0.016000
0.040000 0.017200
0.050000 0.021600
0.060000 0.022600
0.070000 0.025800
0.080000 0.029800
0.090000 0.027000
0.100000 0.032400
0.110000 0.034000
0.120000 0.037200
0.130000 0.037200
0.140000 0.038000
0.150000 0.043200
0.160000 0.046800
0.170000 0.050400
0.180000 0.054000
0.190000 0.058000
0.200000 0.060800
0.210000 0.066800
0.220000 0.066400
0.230000 0.072400
0.240000 0.074400
0.250000 0.075200
0.260000 0.085400
0.270000 0.085400
0.280000 0.095800
0.290000 0.100800
0.300000 0.112200
0.310000 0.107600
0.320000 0.117200
0.330000 0.127600
0.340000 0.139200
0.350000 0.149600
0.360000 0.172000
0.370000 0.161400
0.380000 0.163000
0.390000 0.198600
0.400000 0.191400
0.410000 0.199000
0.420000 0.212400
0.430000 0.231200
0.440000 0.270200
0.450000 0.271200
0.460000 0.301200
0.470000 0.339800
0.480000 0.337400
0.490000 0.434200
0.500000 0.394000
0.510000 0.473400
0.520000 0.589200
0.530000 0.645000
0.540000 0.642600
0.550000 0.906400
0.560000 1.043200
0.570000 1.097800
0.580000 1.327800
0.590000 1.489000
0.600000 1.653000
0.610000 1.794000
0.620000 1.878000
0.630000 1.931800
0.640000 1.836600
0.650000 1.829000
0.660000 1.764600
0.670000 1.678600
0.680000 1.614600
0.690000 1.569800
0.700000 1.542800
0.710000 1.485600
0.720000 1.443600
0.730000 1.425000
0.740000 1.391600
0.750000 1.367200
0.760000 1.346800
0.770000 1.323600
0.780000 1.297400
0.790000 1.283000
0.800000 1.261600
0.810000 1.247400
0.820000 1.227600
0.830000 1.218000
0.840000 1.198200
0.850000 1.191600
0.860000 1.172800
0.870000 1.162400
0.880000 1.152400
0.890000 1.135200
0.900000 1.129400
0.910000 1.118200
0.920000 1.107600
0.930000 1.100000
0.940000 1.090600
0.950000 1.079000
0.960000 1.068800
0.970000 1.059000
0.980000 1.047000
0.990000 1.034200
1.000000 1.000000
