0.000000 0.000000
0.010000 0.007680
0.020000 0.013000
0.030000 0.016720
0.040000 0.019180
0.050000 0.021460
0.060000 0.023100
0.070000 0.025360
0.080000 0.026620
0.090000 0.029320
0.100000 0.030940
0.110000 0.033900
0.120000 0.037300
0.130000 0.037540
0.140000 0.041600
0.150000 0.043840
0.160000 0.046860
0.170000 0.050440
0.180000 0.052460
0.190000 0.055520
0.200000 0.059640
0.210000 0.063560
0.220000 0.068960
0.230000 0.074340
0.240000 0.075180
0.250000 0.081240
0.260000 0.082900
0.270000 0.090640
0.280000 0.092280
0.290000 0.099880
0.300000 0.103140
0.310000 0.110680
0.320000 0.115560
0.330000 0.124580
0.340000 0.133680
0.350000 0.142460
0.360000 0.150600
0.370000 0.160100
0.380000 0.172140
0.390000 0.188140
0.400000 0.192180
0.410000 0.205880
0.420000 0.230700
0.430000 0.236000
0.440000 0.264120
0.450000 0.290140
0.460000 0.312060
0.470000 0.331920
0.480000 0.370740
0.490000 0.415500
0.500000 0.455760
0.510000 0.519040
0.520000 0.589560
0.530000 0.670760
0.540000 0.774900
0.550000 0.860840
0.560000 1.033560
0.570000 1.159780
0.580000 1.347160
0.590000 1.552820
0.600000 1.712700
0.610000 1.767440
0.620000 1.891880
0.630000 1.878720
0.640000 1.860780
0.650000 1.802580
0.660000 1.767200
0.670000 1.678260
0.680000 1.628340
0.690000 1.574900
0.700000 1.533500
0.710000 1.490380
0.720000 1.455360
0.730000 1.421780
0.740000 1.391720
0.750000 1.368380
0.760000 1.342920
0.770000 1.326140
0.780000 1.297700
0.790000 1.283600
0.800000 1.264960
0.810000 1.246300
0.820000 1.230800
0.830000 1.215840
0.840000 1.202500
0.850000 1.187760
0.860000 1.175180
0.870000 1.163220
0.880000 1.149880
0.890000 1.140680
0.900000 1.129640
0.910000 1.120080
0.920000 1.108820
0.930000 1.098380
0.940000 1.087980
0.950000 1.078600
0.960000 1.069000
0.970000 1.058460
0.980000 1.046320
0.990000 1.035140
1.000000 1.000000
