0.000000 0.000000
0.001000 0.002000
0.002000 0.002000
0.003000 0.003800
0.004000 0.003400
0.005000 0.004600
0.006000 0.005000
0.007000 0.006000
0.008000 0.006800
0.009000 0.007600
0.010000 0.007200
0.011000 0.008800
0.012000 0.007600
0.013000 0.009000
0.014000 0.011800
0.015000 0.010400
0.016000 0.010600
0.017000 0.013400
0.018000 0.014600
0.019000 0.014600
0.020000 0.012800
0.021000 0.012400
0.022000 0.013400
0.023000 0.014600
0.024000 0.013600
0.025000 0.015600
0.026000 0.014000
0.027000 0.015600
0.028000 0.016800
0.029000 0.016200
0.030000 0.015200
0.031000 0.016000
0.032000 0.016800
0.033000 0.016200
0.034000 0.019400
0.035000 0.016400
0.036000 0.016600
0.037000 0.017600
0.038000 0.017200
0.039000 0.017800
0.040000 0.020200
0.041000 0.018400
0.042000 0.020000
0.043000 0.019800
0.044000 0.021000
0.045000 0.022000
0.046000 0.019800
0.047000 0.020000
0.048000 0.021400
0.049000 0.023000
0.050000 0.021000
0.051000 0.019800
0.052000 0.020200
0.053000 0.022600
0.054000 0.019600
0.055000 0.020600
0.056000 0.023800
0.057000 0.021800
0.058000 0.023800
0.059000 0.023800
0.060000 0.023400
0.061000 0.023600
0.062000 0.023800
0.063000 0.022200
0.064000 0.025200
0.065000 0.024400
0.066000 0.022000
0.067000 0.024800
0.068000 0.025200
0.069000 0.026200
0.070000 0.026000
0.071000 0.027400
0.072000 0.025800
0.073000 0.023800
0.074000 0.028000
0.075000 0.023400
0.076000 0.027400
0.077000 0.026200
0.078000 0.027200
0.079000 0.026200
0.080000 0.026000
0.081000 0.026400
0.082000 0.028200
0.083000 0.025600
0.084000 0.028400
0.085000 0.027800
0.086000 0.028000
0.087000 0.025400
0.088000 0.026400
0.089000 0.030400
0.090000 0.030000
0.091000 0.028800
0.092000 0.028800
0.093000 0.030200
0.094000 0.029800
0.095000 0.030200
0.096000 0.031400
0.097000 0.029400
0.098000 0.031400
0.099000 0.031200
0.100000 0.033000
0.101000 0.030400
0.102000 0.032000
0.103000 0.032200
0.104000 0.031200
0.105000 0.032000
0.106000 0.032200
0.107000 0.033400
0.108000 0.032600
0.109000 0.034400
0.110000 0.034200
0.111000 0.030000
0.112000 0.032800
0.113000 0.037000
0.114000 0.030000
0.115000 0.031600
0.116000 0.034000
0.117000 0.034600
0.118000 0.035800
0.119000 0.037000
0.120000 0.035400
0.121000 0.038800
0.122000 0.037000
0.123000 0.036200
0.124000 0.034400
0.125000 0.036400
0.126000 0.035800
0.127000 0.037600
0.128000 0.034800
0.129000 0.035800
0.130000 0.038000
0.131000 0.037200
0.132000 0.037400
0.133000 0.040400
0.134000 0.041400
0.135000 0.039400
0.136000 0.039800
0.137000 0.037000
0.138000 0.042600
0.139000 0.039200
0.140000 0.039600
0.141000 0.040600
0.142000 0.042400
0.143000 0.040600
0.144000 0.045000
0.145000 0.042000
0.146000 0.043000
0.147000 0.041400
0.148000 0.039200
0.149000 0.043600
0.150000 0.045400
0.151000 0.045600
0.152000 0.045200
0.153000 0.043400
0.154000 0.043400
0.155000 0.042000
0.156000 0.040600
0.157000 0.047000
0.158000 0.046200
0.159000 0.044400
0.160000 0.049400
0.161000 0.046800
0.162000 0.041000
0.163000 0.049600
0.164000 0.053600
0.165000 0.045000
0.166000 0.047600
0.167000 0.046600
0.168000 0.051400
0.169000 0.051600
0.170000 0.043600
0.171000 0.049800
0.172000 0.047600
0.173000 0.051000
0.174000 0.055400
0.175000 0.050200
0.176000 0.052000
0.177000 0.050800
0.178000 0.052800
0.179000 0.049600
0.180000 0.047600
0.181000 0.053400
0.182000 0.058200
0.183000 0.049200
0.184000 0.051000
0.185000 0.053800
0.186000 0.057800
0.187000 0.061000
0.188000 0.060200
0.189000 0.052200
0.190000 0.059600
0.191000 0.063800
0.192000 0.051600
0.193000 0.052800
0.194000 0.056200
0.195000 0.056600
0.196000 0.061600
0.197000 0.063600
0.198000 0.057600
0.199000 0.054000
0.200000 0.059000
0.201000 0.062800
0.202000 0.065600
0.203000 0.061000
0.204000 0.058800
0.205000 0.064600
0.206000 0.062200
0.207000 0.065400
0.208000 0.066400
0.209000 0.060200
0.210000 0.065000
0.211000 0.062800
0.212000 0.062400
0.213000 0.067000
0.214000 0.065200
0.215000 0.066600
0.216000 0.065800
0.217000 0.067400
0.218000 0.071400
0.219000 0.067600
0.220000 0.068600
0.221000 0.063200
0.222000 0.063200
0.223000 0.069600
0.224000 0.068400
0.225000 0.080000
0.226000 0.065000
0.227000 0.072000
0.228000 0.070200
0.229000 0.075000
0.230000 0.070800
0.231000 0.068800
0.232000 0.071200
0.233000 0.073600
0.234000 0.074600
0.235000 0.073400
0.236000 0.080000
0.237000 0.073800
0.238000 0.069600
0.239000 0.069200
0.240000 0.072200
0.241000 0.077600
0.242000 0.081600
0.243000 0.079200
0.244000 0.080000
0.245000 0.084400
0.246000 0.076800
0.247000 0.078000
0.248000 0.080000
0.249000 0.079200
0.250000 0.083600
0.251000 0.073200
0.252000 0.078800
0.253000 0.090800
0.254000 0.075400
0.255000 0.082600
0.256000 0.084400
0.257000 0.085800
0.258000 0.085600
0.259000 0.084200
0.260000 0.088000
0.261000 0.089600
0.262000 0.091400
0.263000 0.085000
0.264000 0.085800
0.265000 0.090800
0.266000 0.093800
0.267000 0.087000
0.268000 0.085400
0.269000 0.094400
0.270000 0.089000
0.271000 0.089600
0.272000 0.087200
0.273000 0.090200
0.274000 0.092800
0.275000 0.093000
0.276000 0.094600
0.277000 0.095600
0.278000 0.095400
0.279000 0.094400
0.280000 0.091600
0.281000 0.096600
0.282000 0.098400
0.283000 0.101400
0.284000 0.088200
0.285000 0.095000
0.286000 0.095000
0.287000 0.096200
0.288000 0.098600
0.289000 0.092400
0.290000 0.099000
0.291000 0.099800
0.292000 0.098800
0.293000 0.104000
0.294000 0.112000
0.295000 0.104200
0.296000 0.103400
0.297000 0.102400
0.298000 0.102400
0.299000 0.120800
0.300000 0.102200
0.301000 0.113000
0.302000 0.110800
0.303000 0.104200
0.304000 0.105800
0.305000 0.116600
0.306000 0.110200
0.307000 0.103800
0.308000 0.116000
0.309000 0.106600
0.310000 0.115200
0.311000 0.110800
0.312000 0.111800
0.313000 0.121000
0.314000 0.114600
0.315000 0.113600
0.316000 0.116400
0.317000 0.118600
0.318000 0.113000
0.319000 0.111400
0.320000 0.122200
0.321000 0.125800
0.322000 0.121600
0.323000 0.135800
0.324000 0.124000
0.325000 0.134800
0.326000 0.111800
0.327000 0.116400
0.328000 0.115600
0.329000 0.116400
0.330000 0.129600
0.331000 0.120000
0.332000 0.133400
0.333000 0.133000
0.334000 0.126600
0.335000 0.128800
0.336000 0.122800
0.337000 0.132000
0.338000 0.130800
0.339000 0.126600
0.340000 0.136200
0.341000 0.136800
0.342000 0.136400
0.343000 0.128200
0.344000 0.138200
0.345000 0.129400
0.346000 0.139800
0.347000 0.141800
0.348000 0.149000
0.349000 0.146600
0.350000 0.144800
0.351000 0.143600
0.352000 0.139000
0.353000 0.136200
0.354000 0.144800
0.355000 0.142200
0.356000 0.144800
0.357000 0.139600
0.358000 0.155800
0.359000 0.139200
0.360000 0.154600
0.361000 0.154200
0.362000 0.166000
0.363000 0.162400
0.364000 0.146000
0.365000 0.158800
0.366000 0.162400
0.367000 0.157200
0.368000 0.160600
0.369000 0.160800
0.370000 0.158400
0.371000 0.155600
0.372000 0.160800
0.373000 0.157400
0.374000 0.166000
0.375000 0.163400
0.376000 0.160800
0.377000 0.175600
0.378000 0.165000
0.379000 0.152600
0.380000 0.168200
0.381000 0.178600
0.382000 0.165200
0.383000 0.178200
0.384000 0.189000
0.385000 0.166200
0.386000 0.172000
0.387000 0.182800
0.388000 0.170800
0.389000 0.178400
0.390000 0.178400
0.391000 0.180000
0.392000 0.180800
0.393000 0.197000
0.394000 0.179400
0.395000 0.190000
0.396000 0.187400
0.397000 0.201400
0.398000 0.195000
0.399000 0.201800
0.400000 0.207800
0.401000 0.191600
0.402000 0.192600
0.403000 0.194600
0.404000 0.184400
0.405000 0.213400
0.406000 0.206400
0.407000 0.215000
0.408000 0.191800
0.409000 0.204000
0.410000 0.210400
0.411000 0.224000
0.412000 0.213200
0.413000 0.210600
0.414000 0.218800
0.415000 0.227200
0.416000 0.212200
0.417000 0.236400
0.418000 0.243400
0.419000 0.232200
0.420000 0.228000
0.421000 0.232800
0.422000 0.227800
0.423000 0.250400
0.424000 0.219800
0.425000 0.230000
0.426000 0.228200
0.427000 0.254400
0.428000 0.242200
0.429000 0.240400
0.430000 0.235800
0.431000 0.284200
0.432000 0.232800
0.433000 0.233400
0.434000 0.248800
0.435000 0.239400
0.436000 0.265800
0.437000 0.264400
0.438000 0.291400
0.439000 0.269400
0.440000 0.264600
0.441000 0.280200
0.442000 0.242800
0.443000 0.290400
0.444000 0.257400
0.445000 0.281400
0.446000 0.259600
0.447000 0.274600
0.448000 0.269600
0.449000 0.300200
0.450000 0.273000
0.451000 0.300400
0.452000 0.276200
0.453000 0.278600
0.454000 0.303600
0.455000 0.287400
0.456000 0.332800
0.457000 0.303800
0.458000 0.314600
0.459000 0.310200
0.460000 0.315400
0.461000 0.315600
0.462000 0.309200
0.463000 0.324800
0.464000 0.341200
0.465000 0.316400
0.466000 0.319800
0.467000 0.355000
0.468000 0.324400
0.469000 0.337000
0.470000 0.341400
0.471000 0.326400
0.472000 0.332400
0.473000 0.329800
0.474000 0.355200
0.475000 0.380200
0.476000 0.367400
0.477000 0.351200
0.478000 0.355400
0.479000 0.385400
0.480000 0.358600
0.481000 0.409000
0.482000 0.366000
0.483000 0.378000
0.484000 0.366200
0.485000 0.380400
0.486000 0.380400
0.487000 0.389800
0.488000 0.405000
0.489000 0.402000
0.490000 0.417400
0.491000 0.394000
0.492000 0.392800
0.493000 0.406400
0.494000 0.448800
0.495000 0.405600
0.496000 0.439800
0.497000 0.420200
0.498000 0.434200
0.499000 0.457600
0.500000 0.439800
0.501000 0.477000
0.502000 0.463200
0.503000 0.448200
0.504000 0.489200
0.505000 0.521400
0.506000 0.460400
0.507000 0.488400
0.508000 0.471600
0.509000 0.508800
0.510000 0.483600
0.511000 0.576000
0.512000 0.522200
0.513000 0.501600
0.514000 0.504800
0.515000 0.563200
0.516000 0.565400
0.517000 0.541400
0.518000 0.554200
0.519000 0.584000
0.520000 0.589400
0.521000 0.574200
0.522000 0.510400
0.523000 0.592600
0.524000 0.627800
0.525000 0.600800
0.526000 0.563800
0.527000 0.652200
0.528000 0.637000
0.529000 0.668800
0.530000 0.640800
0.531000 0.636800
0.532000 0.695000
0.533000 0.656200
0.534000 0.732800
0.535000 0.678000
0.536000 0.690800
0.537000 0.748200
0.538000 0.770600
0.539000 0.763400
0.540000 0.788400
0.541000 0.778400
0.542000 0.780200
0.543000 0.706000
0.544000 0.816800
0.545000 0.785600
0.546000 0.762800
0.547000 0.832600
0.548000 0.845200
0.549000 0.956000
0.550000 0.881600
0.551000 0.863200
0.552000 0.978600
0.553000 0.928400
0.554000 0.912400
0.555000 0.954800
0.556000 0.979200
0.557000 1.051800
0.558000 0.899000
0.559000 1.012200
0.560000 1.151600
0.561000 1.061600
0.562000 1.167400
0.563000 0.981200
0.564000 1.093600
0.565000 1.101800
0.566000 1.054000
0.567000 1.112400
0.568000 1.189400
0.569000 1.107000
0.570000 1.074000
0.571000 1.295800
0.572000 1.163600
0.573000 1.192600
0.574000 1.235000
0.575000 1.212000
0.576000 1.181200
0.577000 1.238800
0.578000 1.346600
0.579000 1.267200
0.580000 1.340200
0.581000 1.387200
0.582000 1.517000
0.583000 1.317800
0.584000 1.465800
0.585000 1.519000
0.586000 1.388000
0.587000 1.532800
0.588000 1.472000
0.589000 1.610000
0.590000 1.409000
0.591000 1.589800
0.592000 1.556000
0.593000 1.460000
0.594000 1.692600
0.595000 1.580600
0.596000 1.667000
0.597000 1.595800
0.598000 1.604200
0.599000 1.660800
0.600000 1.726000
0.601000 1.800200
0.602000 1.782400
0.603000 1.755600
0.604000 1.639000
0.605000 1.665000
0.606000 1.741000
0.607000 1.719600
0.608000 1.725800
0.609000 1.739800
0.610000 1.821600
0.611000 1.827800
0.612000 1.812400
0.613000 1.819800
0.614000 1.875600
0.615000 1.781400
0.616000 1.805000
0.617000 1.816800
0.618000 1.800400
0.619000 1.871600
0.620000 1.913400
0.621000 1.861000
0.622000 1.861600
0.623000 1.834000
0.624000 2.031000
0.625000 1.917000
0.626000 1.881000
0.627000 1.887600
0.628000 1.861400
0.629000 1.829400
0.630000 1.897600
0.631000 1.945600
0.632000 1.785200
0.633000 1.850800
0.634000 1.875600
0.635000 1.890800
0.636000 1.874800
0.637000 1.854600
0.638000 1.860200
0.639000 1.889400
0.640000 1.849000
0.641000 1.820800
0.642000 1.854600
0.643000 1.854000
0.644000 1.908400
0.645000 1.821800
0.646000 1.834600
0.647000 1.825000
0.648000 1.807200
0.649000 1.886400
0.650000 1.823400
0.651000 1.779400
0.652000 1.781200
0.653000 1.740800
0.654000 1.812400
0.655000 1.757200
0.656000 1.787000
0.657000 1.796000
0.658000 1.762800
0.659000 1.798400
0.660000 1.729400
0.661000 1.766000
0.662000 1.742000
0.663000 1.727200
0.664000 1.749800
0.665000 1.691400
0.666000 1.665400
0.667000 1.724400
0.668000 1.717400
0.669000 1.715800
0.670000 1.694800
0.671000 1.700600
0.672000 1.682600
0.673000 1.666000
0.674000 1.686200
0.675000 1.649600
0.676000 1.635000
0.677000 1.621400
0.678000 1.629400
0.679000 1.688800
0.680000 1.603800
0.681000 1.638600
0.682000 1.610000
0.683000 1.620800
0.684000 1.647400
0.685000 1.577400
0.686000 1.605200
0.687000 1.573600
0.688000 1.567800
0.689000 1.562400
0.690000 1.576000
0.691000 1.579000
0.692000 1.565000
0.693000 1.561600
0.694000 1.565000
0.695000 1.535200
0.696000 1.548200
0.697000 1.559400
0.698000 1.537600
0.699000 1.527200
0.700000 1.522800
0.701000 1.516200
0.702000 1.539400
0.703000 1.528600
0.704000 1.514600
0.705000 1.498800
0.706000 1.500800
0.707000 1.509800
0.708000 1.487800
0.709000 1.488000
0.710000 1.488200
0.711000 1.482800
0.712000 1.500400
0.713000 1.476400
0.714000 1.482000
0.715000 1.483000
0.716000 1.471000
0.717000 1.454200
0.718000 1.469400
0.719000 1.472400
0.720000 1.454200
0.721000 1.440800
0.722000 1.455200
0.723000 1.442400
0.724000 1.443800
0.725000 1.446800
0.726000 1.438400
0.727000 1.433600
0.728000 1.424200
0.729000 1.421000
0.730000 1.430400
0.731000 1.439400
0.732000 1.418600
0.733000 1.410600
0.734000 1.411400
0.735000 1.398400
0.736000 1.400600
0.737000 1.405200
0.738000 1.397400
0.739000 1.398800
0.740000 1.396800
0.741000 1.392200
0.742000 1.384400
0.743000 1.381600
0.744000 1.398400
0.745000 1.384400
0.746000 1.378200
0.747000 1.365200
0.748000 1.373400
0.749000 1.368400
0.750000 1.361600
0.751000 1.367400
0.752000 1.361200
0.753000 1.361200
0.754000 1.353400
0.755000 1.338400
0.756000 1.350200
0.757000 1.346000
0.758000 1.345800
0.759000 1.338800
0.760000 1.353400
0.761000 1.345800
0.762000 1.335400
0.763000 1.331000
0.764000 1.330800
0.765000 1.323600
0.766000 1.342800
0.767000 1.326600
0.768000 1.330000
0.769000 1.321200
0.770000 1.326400
0.771000 1.316800
0.772000 1.314200
0.773000 1.321200
0.774000 1.306200
0.775000 1.308200
0.776000 1.313400
0.777000 1.309400
0.778000 1.310000
0.779000 1.304400
0.780000 1.296400
0.781000 1.315400
0.782000 1.291000
0.783000 1.287400
0.784000 1.294400
0.785000 1.295200
0.786000 1.291600
0.787000 1.283000
0.788000 1.285600
0.789000 1.298400
0.790000 1.276200
0.791000 1.276800
0.792000 1.283800
0.793000 1.271200
0.794000 1.271000
0.795000 1.271800
0.796000 1.284800
0.797000 1.260600
0.798000 1.263600
0.799000 1.268600
0.800000 1.256200
0.801000 1.263600
0.802000 1.257800
0.803000 1.255800
0.804000 1.258600
0.805000 1.253200
0.806000 1.253000
0.807000 1.253600
0.808000 1.243400
0.809000 1.251600
0.810000 1.246000
0.811000 1.246400
0.812000 1.240000
0.813000 1.236000
0.814000 1.242400
0.815000 1.238200
0.816000 1.241000
0.817000 1.236600
0.818000 1.238400
0.819000 1.240800
0.820000 1.224200
0.821000 1.228600
0.822000 1.226800
0.823000 1.224800
0.824000 1.224000
0.825000 1.224200
0.826000 1.225600
0.827000 1.222800
0.828000 1.215200
0.829000 1.217200
0.830000 1.222000
0.831000 1.217000
0.832000 1.213400
0.833000 1.213000
0.834000 1.207800
0.835000 1.209600
0.836000 1.207200
0.837000 1.207000
0.838000 1.205600
0.839000 1.203200
0.840000 1.203000
0.841000 1.202200
0.842000 1.195800
0.843000 1.203200
0.844000 1.195800
0.845000 1.195400
0.846000 1.196000
0.847000 1.198000
0.848000 1.195400
0.849000 1.187200
0.850000 1.186600
0.851000 1.182400
0.852000 1.182200
0.853000 1.183000
0.854000 1.179600
0.855000 1.176800
0.856000 1.179600
0.857000 1.181600
0.858000 1.180400
0.859000 1.177200
0.860000 1.172800
0.861000 1.173600
0.862000 1.172400
0.863000 1.168200
0.864000 1.169800
0.865000 1.167600
0.866000 1.172400
0.867000 1.171200
0.868000 1.169800
0.869000 1.166000
0.870000 1.160000
0.871000 1.165800
0.872000 1.164000
0.873000 1.159200
0.874000 1.159800
0.875000 1.154600
0.876000 1.156000
0.877000 1.151600
0.878000 1.153000
0.879000 1.150800
0.880000 1.148400
0.881000 1.153600
0.882000 1.149800
0.883000 1.147200
0.884000 1.143200
0.885000 1.151400
0.886000 1.143000
0.887000 1.144000
0.888000 1.144000
0.889000 1.139800
0.890000 1.141800
0.891000 1.137800
0.892000 1.137600
0.893000 1.136400
0.894000 1.136400
0.895000 1.133000
0.896000 1.131400
0.897000 1.130000
0.898000 1.129600
0.899000 1.127200
0.900000 1.131200
0.901000 1.128800
0.902000 1.129800
0.903000 1.130200
0.904000 1.125800
0.905000 1.125200
0.906000 1.125000
0.907000 1.123400
0.908000 1.119600
0.909000 1.118600
0.910000 1.118200
0.911000 1.120400
0.912000 1.120400
0.913000 1.115200
0.914000 1.118800
0.915000 1.112800
0.916000 1.110600
0.917000 1.108000
0.918000 1.113000
0.919000 1.109000
0.920000 1.107200
0.921000 1.110200
0.922000 1.105400
0.923000 1.104200
0.924000 1.108000
0.925000 1.106200
0.926000 1.102800
0.927000 1.102000
0.928000 1.100600
0.929000 1.099200
0.930000 1.100200
0.931000 1.097000
0.932000 1.096800
0.933000 1.096400
0.934000 1.094800
0.935000 1.091400
0.936000 1.092400
0.937000 1.094200
0.938000 1.091200
0.939000 1.086400
0.940000 1.086000
0.941000 1.087200
0.942000 1.085200
0.943000 1.086400
0.944000 1.083400
0.945000 1.082000
0.946000 1.082800
0.947000 1.082400
0.948000 1.081200
0.949000 1.079000
0.950000 1.078200
0.951000 1.076800
0.952000 1.078000
0.953000 1.074600
0.954000 1.075800
0.955000 1.072800
0.956000 1.076000
0.957000 1.072200
0.958000 1.071800
0.959000 1.070000
0.960000 1.070000
0.961000 1.066800
0.962000 1.065600
0.963000 1.066400
0.964000 1.064200
0.965000 1.062600
0.966000 1.062400
0.967000 1.062800
0.968000 1.060600
0.969000 1.061000
0.970000 1.058400
0.971000 1.056600
0.972000 1.058000
0.973000 1.056200
0.974000 1.053800
0.975000 1.053000
0.976000 1.050200
0.977000 1.049800
0.978000 1.047800
0.979000 1.047200
0.980000 1.046000
0.981000 1.045600
0.982000 1.042400
0.983000 1.042800
0.984000 1.042600
0.985000 1.041600
0.986000 1.039800
0.987000 1.039400
0.988000 1.036000
0.989000 1.036200
0.990000 1.034000
0.991000 1.032400
0.992000 1.031200
0.993000 1.030600
0.994000 1.027000
0.995000 1.022800
0.996000 1.022200
0.997000 1.021000
0.998000 1.020200
0.999000 1.019200
1.000000 1.000000
