0.000 0.000000
0.001 0.095000
0.002 0.181000
0.003 0.263000
0.004 0.333000
0.005 0.406000
0.006 0.466000
0.007 0.512000
0.008 0.599000
0.009 0.603000
0.010 0.634000
0.011 0.670000
0.012 0.701000
0.013 0.759000
0.014 0.756000
0.015 0.793000
0.016 0.839000
0.017 0.859000
0.018 0.857000
0.019 0.888000
0.020 0.892000
0.021 0.928000
0.022 0.948000
0.023 0.970000
0.024 0.959000
0.025 0.981000
0.026 0.983000
0.027 1.024000
0.028 1.017000
0.029 1.041000
0.030 1.037000
0.031 1.040000
0.032 1.085000
0.033 1.061000
0.034 1.110000
0.035 1.099000
0.036 1.113000
0.037 1.108000
0.038 1.113000
0.039 1.148000
0.040 1.143000
0.041 1.176000
0.042 1.167000
0.043 1.173000
0.044 1.177000
0.045 1.221000
0.046 1.197000
0.047 1.237000
0.048 1.230000
0.049 1.238000
0.050 1.270000
0.051 1.287000
0.052 1.297000
0.053 1.309000
0.054 1.319000
0.055 1.292000
0.056 1.310000
0.057 1.328000
0.058 1.290000
0.059 1.328000
0.060 1.379000
0.061 1.357000
0.062 1.366000
0.063 1.377000
0.064 1.403000
0.065 1.465000
0.066 1.439000
0.067 1.427000
0.068 1.442000
0.069 1.494000
0.070 1.523000
0.071 1.500000
0.072 1.499000
0.073 1.534000
0.074 1.528000
0.075 1.508000
0.076 1.588000
0.077 1.584000
0.078 1.652000
0.079 1.671000
0.080 1.594000
0.081 1.696000
0.082 1.649000
0.083 1.685000
0.084 1.627000
0.085 1.715000
0.086 1.726000
0.087 1.732000
0.088 1.726000
0.089 1.786000
0.090 1.746000
0.091 1.834000
0.092 1.751000
0.093 1.830000
0.094 1.812000
0.095 1.851000
0.096 1.877000
0.097 1.861000
0.098 1.902000
0.099 1.925000
0.100 1.933000
0.101 1.938000
0.102 1.982000
0.103 1.962000
0.104 1.967000
0.105 2.005000
0.106 1.984000
0.107 2.012000
0.108 2.055000
0.109 2.062000
0.110 2.077000
0.111 2.114000
0.112 2.124000
0.113 2.134000
0.114 2.164000
0.115 2.194000
0.116 2.129000
0.117 2.171000
0.118 2.195000
0.119 2.239000
0.120 2.220000
0.121 2.273000
0.122 2.261000
0.123 2.323000
0.124 2.347000
0.125 2.264000
0.126 2.382000
0.127 2.402000
0.128 2.431000
0.129 2.441000
0.130 2.407000
0.131 2.489000
0.132 2.490000
0.133 2.510000
0.134 2.508000
0.135 2.559000
0.136 2.481000
0.137 2.526000
0.138 2.579000
0.139 2.511000
0.140 2.569000
0.141 2.601000
0.142 2.639000
0.143 2.634000
0.144 2.643000
0.145 2.734000
0.146 2.742000
0.147 2.755000
0.148 2.787000
0.149 2.793000
0.150 2.750000
0.151 2.852000
0.152 2.767000
0.153 2.838000
0.154 2.935000
0.155 2.853000
0.156 2.889000
0.157 2.948000
0.158 2.828000
0.159 2.965000
0.160 2.949000
0.161 2.985000
0.162 3.026000
0.163 3.011000
0.164 3.044000
0.165 3.092000
0.166 3.107000
0.167 3.149000
0.168 3.127000
0.169 3.180000
0.170 3.182000
0.171 3.214000
0.172 3.183000
0.173 3.252000
0.174 3.196000
0.175 3.291000
0.176 3.252000
0.177 3.230000
0.178 3.271000
0.179 3.415000
0.180 3.406000
0.181 3.418000
0.182 3.402000
0.183 3.414000
0.184 3.391000
0.185 3.415000
0.186 3.548000
0.187 3.539000
0.188 3.551000
0.189 3.597000
0.190 3.627000
0.191 3.593000
0.192 3.717000
0.193 3.626000
0.194 3.638000
0.195 3.681000
0.196 3.689000
0.197 3.804000
0.198 3.766000
0.199 3.783000
0.200 3.714000
0.201 3.748000
0.202 3.832000
0.203 3.865000
0.204 3.873000
0.205 3.923000
0.206 3.910000
0.207 3.879000
0.208 4.024000
0.209 3.996000
0.210 4.027000
0.211 4.066000
0.212 4.069000
0.213 4.040000
0.214 4.126000
0.215 4.027000
0.216 4.029000
0.217 4.186000
0.218 4.157000
0.219 4.209000
0.220 4.234000
0.221 4.168000
0.222 4.202000
0.223 4.317000
0.224 4.334000
0.225 4.262000
0.226 4.429000
0.227 4.385000
0.228 4.477000
0.229 4.427000
0.230 4.561000
0.231 4.609000
0.232 4.569000
0.233 4.608000
0.234 4.471000
0.235 4.556000
0.236 4.623000
0.237 4.645000
0.238 4.697000
0.239 4.737000
0.240 4.658000
0.241 4.789000
0.242 4.851000
0.243 4.824000
0.244 4.954000
0.245 4.786000
0.246 4.951000
0.247 4.956000
0.248 4.978000
0.249 4.908000
0.250 4.966000
0.251 5.035000
0.252 5.041000
0.253 5.178000
0.254 5.086000
0.255 5.145000
0.256 5.247000
0.257 5.261000
0.258 5.272000
0.259 5.350000
0.260 5.351000
0.261 5.304000
0.262 5.273000
0.263 5.352000
0.264 5.348000
0.265 5.446000
0.266 5.548000
0.267 5.519000
0.268 5.583000
0.269 5.556000
0.270 5.663000
0.271 5.752000
0.272 5.610000
0.273 5.739000
0.274 5.711000
0.275 5.649000
0.276 5.749000
0.277 5.758000
0.278 5.783000
0.279 5.743000
0.280 5.923000
0.281 5.907000
0.282 5.826000
0.283 6.026000
0.284 6.056000
0.285 6.231000
0.286 6.105000
0.287 6.178000
0.288 6.277000
0.289 6.158000
0.290 6.381000
0.291 6.196000
0.292 6.262000
0.293 6.232000
0.294 6.346000
0.295 6.250000
0.296 6.437000
0.297 6.526000
0.298 6.460000
0.299 6.514000
0.300 6.822000
0.301 6.560000
0.302 6.872000
0.303 6.707000
0.304 6.839000
0.305 6.840000
0.306 6.795000
0.307 6.847000
0.308 7.003000
0.309 7.104000
0.310 7.140000
0.311 7.087000
0.312 7.123000
0.313 7.056000
0.314 7.148000
0.315 7.269000
0.316 7.285000
0.317 7.337000
0.318 7.396000
0.319 7.524000
0.320 7.520000
0.321 7.503000
0.322 7.546000
0.323 7.533000
0.324 7.554000
0.325 7.784000
0.326 7.592000
0.327 7.721000
0.328 7.712000
0.329 7.848000
0.330 8.016000
0.331 7.917000
0.332 8.008000
0.333 7.932000
0.334 8.229000
0.335 7.989000
0.336 8.092000
0.337 8.286000
0.338 8.237000
0.339 8.245000
0.340 8.452000
0.341 8.104000
0.342 8.557000
0.343 8.564000
0.344 8.593000
0.345 8.723000
0.346 8.545000
0.347 8.751000
0.348 8.929000
0.349 8.865000
0.350 8.922000
0.351 8.797000
0.352 9.072000
0.353 9.087000
0.354 9.301000
0.355 9.191000
0.356 9.304000
0.357 9.152000
0.358 9.456000
0.359 9.449000
0.360 9.316000
0.361 9.612000
0.362 9.453000
0.363 9.639000
0.364 9.650000
0.365 9.733000
0.366 9.879000
0.367 9.852000
0.368 9.882000
0.369 10.071000
0.370 10.169000
0.371 10.218000
0.372 10.501000
0.373 10.718000
0.374 10.436000
0.375 10.796000
0.376 10.336000
0.377 10.719000
0.378 10.758000
0.379 10.578000
0.380 10.594000
0.381 11.058000
0.382 10.922000
0.383 11.170000
0.384 11.065000
0.385 11.110000
0.386 11.342000
0.387 11.184000
0.388 11.338000
0.389 11.351000
0.390 11.617000
0.391 11.364000
0.392 11.548000
0.393 12.084000
0.394 11.651000
0.395 11.954000
0.396 12.221000
0.397 12.051000
0.398 12.436000
0.399 12.302000
0.400 12.344000
0.401 12.340000
0.402 12.615000
0.403 12.628000
0.404 12.725000
0.405 12.921000
0.406 12.937000
0.407 13.072000
0.408 12.964000
0.409 13.170000
0.410 13.432000
0.411 13.375000
0.412 13.553000
0.413 13.672000
0.414 13.726000
0.415 13.540000
0.416 14.171000
0.417 14.211000
0.418 13.883000
0.419 14.290000
0.420 14.628000
0.421 14.280000
0.422 14.483000
0.423 15.186000
0.424 15.126000
0.425 15.202000
0.426 15.223000
0.427 15.417000
0.428 15.556000
0.429 15.576000
0.430 15.499000
0.431 16.323999
0.432 15.881000
0.433 15.689000
0.434 16.302000
0.435 16.320000
0.436 16.379000
0.437 16.503000
0.438 16.674000
0.439 16.980000
0.440 16.886999
0.441 16.891001
0.442 17.169001
0.443 17.756001
0.444 17.562000
0.445 17.643999
0.446 18.677999
0.447 18.032000
0.448 18.231001
0.449 18.017000
0.450 18.159000
0.451 18.837999
0.452 18.788000
0.453 18.802999
0.454 18.930000
0.455 19.177000
0.456 19.591999
0.457 19.329000
0.458 19.844999
0.459 19.421000
0.460 20.018999
0.461 20.664000
0.462 20.573999
0.463 20.476000
0.464 20.774000
0.465 20.714001
0.466 21.944000
0.467 22.107000
0.468 22.110001
0.469 21.978001
0.470 22.316999
0.471 22.169001
0.472 22.618999
0.473 23.448000
0.474 23.108999
0.475 23.469000
0.476 23.368000
0.477 23.625999
0.478 24.431000
0.479 23.768999
0.480 24.774000
0.481 24.818001
0.482 25.170000
0.483 24.830000
0.484 25.455999
0.485 25.684000
0.486 25.827999
0.487 26.048000
0.488 27.120001
0.489 27.219000
0.490 26.958000
0.491 27.104000
0.492 28.237000
0.493 27.899000
0.494 28.657000
0.495 28.188999
0.496 28.695000
0.497 28.993999
0.498 30.075001
0.499 30.229000
0.500 30.729000
0.501 30.427000
0.502 31.753000
0.503 32.186001
0.504 31.305000
0.505 33.043999
0.506 32.674000
0.507 33.750999
0.508 34.040001
0.509 35.228001
0.510 34.776001
0.511 35.648998
0.512 35.477001
0.513 36.064999
0.514 35.765999
0.515 37.008999
0.516 38.209000
0.517 38.046001
0.518 38.037998
0.519 39.257999
0.520 39.219002
0.521 39.912998
0.522 41.404999
0.523 40.626999
0.524 42.286999
0.525 42.146999
0.526 43.644001
0.527 43.035000
0.528 43.757999
0.529 44.472000
0.530 46.348000
0.531 47.042000
0.532 48.638000
0.533 48.071999
0.534 50.084999
0.535 49.792999
0.536 51.474998
0.537 51.584000
0.538 54.616001
0.539 52.710999
0.540 54.784000
0.541 56.147999
0.542 56.972000
0.543 58.216999
0.544 58.712002
0.545 59.847000
0.546 63.050999
0.547 64.226997
0.548 62.727001
0.549 64.804001
0.550 67.570000
0.551 68.614998
0.552 69.625999
0.553 70.978996
0.554 71.014000
0.555 71.872002
0.556 73.552002
0.557 77.970001
0.558 76.547997
0.559 79.313004
0.560 82.599998
0.561 82.962997
0.562 83.823997
0.563 89.137001
0.564 89.422997
0.565 89.341003
0.566 94.596001
0.567 97.612999
0.568 99.775002
0.569 101.914001
0.570 103.144997
0.571 108.422997
0.572 113.954002
0.573 113.341003
0.574 114.970001
0.575 119.720001
0.576 121.560997
0.577 125.900002
0.578 126.737999
0.579 131.632004
0.580 134.356003
0.581 134.860992
0.582 136.382004
0.583 144.214996
0.584 146.130997
0.585 149.774994
0.586 150.901993
0.587 157.412003
0.588 158.531006
0.589 164.544006
0.590 162.787003
0.591 170.988007
0.592 176.546005
0.593 175.384995
0.594 182.093002
0.595 175.895004
0.596 181.285004
0.597 184.410004
0.598 183.244003
0.599 192.503006
0.600 192.820007
0.601 198.632996
0.602 195.139008
0.603 193.550995
0.604 200.136002
0.605 203.671997
0.606 201.975006
0.607 198.791000
0.608 202.087006
0.609 207.197998
0.610 205.451004
0.611 206.238998
0.612 205.925995
0.613 206.345993
0.614 206.210007
0.615 206.289001
0.616 206.182007
0.617 204.113007
0.618 204.084000
0.619 206.363007
0.620 204.164993
0.621 201.815994
0.622 203.613998
0.623 202.029999
0.624 199.503006
0.625 200.520996
0.626 199.632996
0.627 198.276001
0.628 196.160995
0.629 196.634995
0.630 194.828003
0.631 192.087006
0.632 192.645004
0.633 191.822998
0.634 189.378998
0.635 188.973999
0.636 188.479996
0.637 186.434998
0.638 186.990997
0.639 184.417007
0.640 183.210999
0.641 183.018005
0.642 181.285004
0.643 180.128006
0.644 179.820007
0.645 178.360001
0.646 176.013000
0.647 176.018005
0.648 175.139008
0.649 175.774002
0.650 174.279007
0.651 172.895004
0.652 171.363007
0.653 172.130997
0.654 169.789001
0.655 170.048996
0.656 168.770004
0.657 167.751007
0.658 167.085999
0.659 167.399994
0.660 165.934998
0.661 164.617004
0.662 165.141006
0.663 164.160995
0.664 162.223007
0.665 162.839996
0.666 161.421997
0.667 160.412994
0.668 160.968002
0.669 159.179993
0.670 159.395996
0.671 158.403000
0.672 158.330002
0.673 156.914993
0.674 157.248993
0.675 155.962006
0.676 155.406006
0.677 154.503998
0.678 154.716995
0.679 154.824005
0.680 153.283997
0.681 152.759995
0.682 152.612000
0.683 152.908005
0.684 152.106003
0.685 150.987000
0.686 151.085007
0.687 150.317993
0.688 150.052994
0.689 149.052994
0.690 149.009995
0.691 148.830002
0.692 148.167007
0.693 147.951996
0.694 147.205994
0.695 146.817993
0.696 146.783005
0.697 146.423004
0.698 146.035004
0.699 145.643997
0.700 145.304001
0.701 144.649994
0.702 144.529007
0.703 144.104996
0.704 143.917007
0.705 143.307999
0.706 142.755005
0.707 142.302002
0.708 142.612000
0.709 142.042007
0.710 141.641006
0.711 141.154999
0.712 141.190994
0.713 141.102997
0.714 140.507004
0.715 140.029007
0.716 139.792999
0.717 139.320007
0.718 139.162003
0.719 138.505997
0.720 138.623001
0.721 138.376007
0.722 138.334000
0.723 137.410004
0.724 137.750000
0.725 137.539993
0.726 136.751007
0.727 136.681000
0.728 136.210007
0.729 135.809006
0.730 135.835007
0.731 135.535995
0.732 135.399002
0.733 135.119003
0.734 134.903000
0.735 134.339996
0.736 134.235001
0.737 133.955994
0.738 133.656998
0.739 133.783005
0.740 133.369003
0.741 133.164993
0.742 132.893005
0.743 132.681000
0.744 132.289001
0.745 132.016006
0.746 131.791000
0.747 131.542007
0.748 131.348007
0.749 131.292007
0.750 131.067001
0.751 130.813004
0.752 130.634003
0.753 130.500000
0.754 130.285995
0.755 129.962006
0.756 129.923004
0.757 129.738998
0.758 129.259003
0.759 129.151993
0.760 128.942001
0.761 128.794006
0.762 128.701004
0.763 128.414993
0.764 128.238007
0.765 127.837997
0.766 128.037003
0.767 127.637001
0.768 127.543999
0.769 127.414001
0.770 126.948997
0.771 127.065002
0.772 126.842003
0.773 126.477997
0.774 126.348000
0.775 126.277000
0.776 126.035004
0.777 125.874001
0.778 125.698997
0.779 125.457001
0.780 125.329002
0.781 125.260002
0.782 125.022003
0.783 124.867996
0.784 124.685997
0.785 124.677002
0.786 124.294998
0.787 124.367996
0.788 124.030998
0.789 123.829002
0.790 123.679001
0.791 123.581001
0.792 123.510002
0.793 123.210999
0.794 123.163002
0.795 122.924004
0.796 122.755997
0.797 122.621002
0.798 122.449997
0.799 122.306999
0.800 122.164001
0.801 122.032997
0.802 121.819000
0.803 121.709000
0.804 121.621002
0.805 121.457001
0.806 121.329002
0.807 121.130997
0.808 121.122002
0.809 120.851997
0.810 120.683998
0.811 120.480003
0.812 120.570000
0.813 120.271004
0.814 120.250999
0.815 120.028999
0.816 119.940002
0.817 119.744003
0.818 119.713997
0.819 119.473999
0.820 119.392998
0.821 119.345001
0.822 119.112000
0.823 119.051003
0.824 118.846001
0.825 118.598999
0.826 118.598000
0.827 118.495003
0.828 118.464996
0.829 118.250999
0.830 118.085999
0.831 118.000999
0.832 117.829002
0.833 117.640999
0.834 117.535004
0.835 117.481003
0.836 117.443001
0.837 117.272003
0.838 117.115997
0.839 117.057999
0.840 116.805000
0.841 116.792000
0.842 116.675003
0.843 116.495003
0.844 116.489998
0.845 116.335999
0.846 116.073997
0.847 116.035004
0.848 115.913002
0.849 115.862999
0.850 115.774002
0.851 115.641998
0.852 115.427002
0.853 115.375999
0.854 115.210999
0.855 115.148003
0.856 115.018997
0.857 114.915001
0.858 114.885002
0.859 114.722000
0.860 114.569000
0.861 114.502998
0.862 114.383003
0.863 114.287003
0.864 114.280998
0.865 114.071999
0.866 113.931999
0.867 113.935997
0.868 113.737000
0.869 113.608002
0.870 113.584999
0.871 113.454002
0.872 113.334999
0.873 113.235001
0.874 113.195000
0.875 112.996002
0.876 112.981003
0.877 112.847000
0.878 112.684998
0.879 112.626999
0.880 112.542000
0.881 112.414001
0.882 112.292999
0.883 112.242996
0.884 112.130997
0.885 112.112999
0.886 111.874001
0.887 111.893997
0.888 111.731003
0.889 111.647003
0.890 111.582001
0.891 111.411003
0.892 111.363998
0.893 111.271004
0.894 111.195000
0.895 111.064003
0.896 110.955002
0.897 110.864998
0.898 110.737999
0.899 110.696999
0.900 110.588997
0.901 110.514999
0.902 110.413002
0.903 110.307999
0.904 110.223000
0.905 110.155998
0.906 110.017998
0.907 109.928001
0.908 109.839996
0.909 109.755997
0.910 109.698997
0.911 109.627998
0.912 109.486000
0.913 109.389999
0.914 109.302002
0.915 109.241997
0.916 109.143997
0.917 109.039001
0.918 108.955002
0.919 108.837997
0.920 108.825996
0.921 108.656998
0.922 108.632004
0.923 108.500000
0.924 108.455002
0.925 108.362000
0.926 108.282997
0.927 108.128998
0.928 108.073997
0.929 107.994003
0.930 107.857002
0.931 107.802002
0.932 107.681999
0.933 107.681000
0.934 107.535004
0.935 107.477997
0.936 107.399002
0.937 107.306000
0.938 107.236000
0.939 107.174004
0.940 107.044998
0.941 106.992996
0.942 106.858002
0.943 106.739998
0.944 106.679001
0.945 106.623001
0.946 106.489998
0.947 106.436996
0.948 106.309998
0.949 106.265999
0.950 106.158997
0.951 106.032997
0.952 106.012001
0.953 105.917000
0.954 105.832001
0.955 105.767998
0.956 105.647003
0.957 105.607002
0.958 105.472000
0.959 105.425003
0.960 105.347000
0.961 105.246002
0.962 105.166000
0.963 105.056000
0.964 104.987999
0.965 104.936996
0.966 104.810997
0.967 104.702003
0.968 104.629997
0.969 104.533997
0.970 104.457001
0.971 104.342003
0.972 104.269997
0.973 104.186996
0.974 104.084999
0.975 104.041000
0.976 103.930000
0.977 103.836998
0.978 103.732002
0.979 103.632004
0.980 103.536003
0.981 103.404999
0.982 103.350998
0.983 103.223000
0.984 103.157997
0.985 103.081001
0.986 102.959000
0.987 102.872002
0.988 102.767998
0.989 102.598999
0.990 102.462997
0.991 102.347000
0.992 102.220001
0.993 102.123001
0.994 102.041000
0.995 101.940002
0.996 101.759003
0.997 101.508003
0.998 101.251999
0.999 101.045998
1.000 100.000000
