0.00 0.000000
0.01 0.360000
0.02 0.670000
0.03 0.760000
0.04 0.960000
0.05 1.030000
0.06 1.180000
0.07 1.220000
0.08 1.380000
0.09 1.350000
0.10 1.520000
0.11 1.820000
0.12 1.730000
0.13 2.000000
0.14 1.910000
0.15 2.270000
0.16 2.360000
0.17 2.400000
0.18 2.400000
0.19 3.100000
0.20 2.890000
0.21 3.030000
0.22 3.330000
0.23 3.380000
0.24 3.920000
0.25 3.830000
0.26 4.310000
0.27 4.520000
0.28 4.950000
0.29 5.030000
0.30 5.030000
0.31 5.350000
0.32 5.710000
0.33 6.130000
0.34 7.050000
0.35 7.290000
0.36 7.440000
0.37 8.580000
0.38 8.800000
0.39 9.230000
0.40 9.910000
0.41 11.300000
0.42 11.380000
0.43 12.710000
0.44 13.320000
0.45 12.420000
0.46 15.170000
0.47 16.879999
0.48 18.120001
0.49 18.840000
0.50 24.510000
0.51 24.959999
0.52 29.139999
0.53 33.410000
0.54 43.169998
0.55 45.320000
0.56 47.750000
0.57 57.160000
0.58 75.379997
0.59 77.699997
0.60 81.599998
0.61 91.349998
0.62 96.279999
0.63 94.160004
0.64 91.480003
0.65 92.089996
0.66 87.839996
0.67 84.000000
0.68 80.389999
0.69 78.889999
0.70 75.500000
0.71 74.300003
0.72 72.690002
0.73 70.930000
0.74 70.059998
0.75 68.750000
0.76 67.260002
0.77 65.779999
0.78 65.239998
0.79 64.010002
0.80 62.599998
0.81 62.459999
0.82 61.590000
0.83 60.740002
0.84 60.220001
0.85 59.380001
0.86 58.910000
0.87 58.480000
0.88 57.770000
0.89 57.049999
0.90 56.360001
0.91 56.009998
0.92 55.279999
0.93 54.860001
0.94 54.419998
0.95 53.900002
0.96 53.439999
0.97 52.939999
0.98 52.380001
0.99 51.750000
1.00 50.000000
