0.000 0.000000
0.001 0.600000
0.002 0.900000
0.003 1.000000
0.004 0.900000
0.005 1.100000
0.006 1.000000
0.007 1.000000
0.008 1.100000
0.009 1.000000
0.010 1.200000
0.011 1.100000
0.012 1.100000
0.013 1.100000
0.014 1.300000
0.015 1.300000
0.016 1.600000
0.017 1.200000
0.018 1.300000
0.019 1.400000
0.020 1.100000
0.021 1.400000
0.022 1.300000
0.023 1.300000
0.024 1.400000
0.025 1.500000
0.026 1.600000
0.027 1.800000
0.028 1.600000
0.029 1.300000
0.030 1.700000
0.031 1.600000
0.032 1.900000
0.033 1.500000
0.034 1.800000
0.035 2.400000
0.036 1.800000
0.037 1.800000
0.038 2.100000
0.039 2.100000
0.040 2.000000
0.041 2.400000
0.042 2.200000
0.043 1.900000
0.044 2.100000
0.045 2.000000
0.046 2.300000
0.047 2.100000
0.048 2.500000
0.049 2.200000
0.050 2.400000
0.051 2.100000
0.052 2.600000
0.053 2.500000
0.054 2.600000
0.055 2.100000
0.056 2.500000
0.057 2.400000
0.058 2.800000
0.059 2.200000
0.060 2.300000
0.061 2.500000
0.062 2.800000
0.063 2.800000
0.064 2.400000
0.065 2.600000
0.066 2.800000
0.067 2.800000
0.068 2.800000
0.069 2.700000
0.070 3.000000
0.071 2.400000
0.072 3.400000
0.073 2.800000
0.074 2.700000
0.075 2.600000
0.076 2.900000
0.077 3.000000
0.078 3.200000
0.079 3.200000
0.080 2.900000
0.081 2.900000
0.082 3.100000
0.083 3.300000
0.084 2.900000
0.085 3.300000
0.086 3.300000
0.087 3.100000
0.088 2.800000
0.089 2.900000
0.090 3.600000
0.091 3.500000
0.092 3.200000
0.093 3.100000
0.094 3.200000
0.095 3.500000
0.096 3.300000
0.097 3.400000
0.098 3.500000
0.099 3.600000
0.100 3.800000
0.101 3.500000
0.102 3.400000
0.103 3.900000
0.104 4.000000
0.105 3.700000
0.106 3.700000
0.107 3.700000
0.108 3.800000
0.109 4.000000
0.110 4.000000
0.111 3.600000
0.112 4.000000
0.113 3.700000
0.114 4.000000
0.115 3.800000
0.116 3.700000
0.117 3.900000
0.118 3.800000
0.119 3.900000
0.120 3.700000
0.121 4.300000
0.122 3.700000
0.123 3.800000
0.124 4.200000
0.125 4.200000
0.126 4.700000
0.127 4.200000
0.128 4.800000
0.129 4.400000
0.130 4.500000
0.131 4.700000
0.132 4.600000
0.133 4.400000
0.134 4.400000
0.135 5.000000
0.136 5.000000
0.137 4.900000
0.138 4.600000
0.139 4.100000
0.140 4.300000
0.141 4.400000
0.142 5.400000
0.143 4.900000
0.144 4.500000
0.145 4.500000
0.146 4.300000
0.147 5.000000
0.148 4.100000
0.149 4.800000
0.150 4.800000
0.151 4.700000
0.152 5.000000
0.153 5.500000
0.154 4.500000
0.155 4.700000
0.156 4.700000
0.157 4.900000
0.158 4.800000
0.159 5.300000
0.160 5.400000
0.161 4.800000
0.162 4.900000
0.163 5.500000
0.164 4.600000
0.165 5.600000
0.166 4.900000
0.167 5.900000
0.168 5.400000
0.169 5.100000
0.170 6.300000
0.171 4.800000
0.172 5.300000
0.173 5.600000
0.174 5.700000
0.175 5.800000
0.176 6.500000
0.177 5.400000
0.178 4.700000
0.179 6.300000
0.180 5.600000
0.181 5.800000
0.182 6.000000
0.183 5.300000
0.184 5.600000
0.185 5.600000
0.186 5.300000
0.187 6.000000
0.188 6.500000
0.189 6.400000
0.190 6.100000
0.191 6.100000
0.192 5.400000
0.193 6.400000
0.194 6.200000
0.195 5.700000
0.196 6.500000
0.197 7.000000
0.198 6.900000
0.199 6.800000
0.200 6.000000
0.201 6.800000
0.202 7.400000
0.203 7.600000
0.204 6.300000
0.205 6.700000
0.206 7.000000
0.207 7.200000
0.208 6.600000
0.209 5.900000
0.210 7.300000
0.211 7.000000
0.212 6.900000
0.213 7.600000
0.214 6.400000
0.215 8.100000
0.216 7.000000
0.217 6.900000
0.218 7.400000
0.219 6.700000
0.220 7.500000
0.221 7.100000
0.222 7.000000
0.223 8.100000
0.224 7.500000
0.225 7.500000
0.226 7.700000
0.227 7.500000
0.228 8.400000
0.229 7.900000
0.230 6.700000
0.231 8.100000
0.232 7.700000
0.233 9.000000
0.234 7.500000
0.235 7.300000
0.236 9.100000
0.237 7.800000
0.238 8.300000
0.239 7.900000
0.240 7.700000
0.241 8.000000
0.242 7.800000
0.243 8.200000
0.244 9.100000
0.245 8.400000
0.246 8.500000
0.247 9.000000
0.248 8.100000
0.249 9.100000
0.250 8.400000
0.251 8.000000
0.252 10.500000
0.253 9.300000
0.254 8.500000
0.255 10.300000
0.256 9.600000
0.257 8.700000
0.258 8.100000
0.259 8.200000
0.260 8.100000
0.261 9.000000
0.262 9.500000
0.263 10.600000
0.264 9.900000
0.265 8.500000
0.266 8.900000
0.267 8.700000
0.268 9.900000
0.269 10.900000
0.270 10.100000
0.271 9.900000
0.272 9.400000
0.273 9.600000
0.274 9.300000
0.275 10.400000
0.276 9.600000
0.277 8.900000
0.278 8.600000
0.279 11.500000
0.280 10.300000
0.281 9.700000
0.282 10.200000
0.283 9.800000
0.284 10.200000
0.285 9.800000
0.286 10.600000
0.287 10.400000
0.288 10.600000
0.289 10.000000
0.290 11.200000
0.291 9.600000
0.292 9.700000
0.293 11.200000
0.294 8.700000
0.295 11.100000
0.296 10.200000
0.297 11.100000
0.298 10.700000
0.299 11.400000
0.300 10.900000
0.301 11.500000
0.302 10.800000
0.303 12.000000
0.304 11.600000
0.305 11.700000
0.306 11.900000
0.307 12.500000
0.308 11.000000
0.309 13.000000
0.310 11.100000
0.311 13.100000
0.312 12.000000
0.313 12.100000
0.314 14.600000
0.315 12.600000
0.316 11.600000
0.317 13.300000
0.318 14.900000
0.319 14.500000
0.320 12.100000
0.321 11.900000
0.322 13.800000
0.323 15.400000
0.324 13.300000
0.325 12.400000
0.326 14.600000
0.327 13.100000
0.328 13.200000
0.329 12.300000
0.330 13.900000
0.331 13.800000
0.332 13.800000
0.333 12.400000
0.334 12.400000
0.335 14.400000
0.336 16.000000
0.337 13.000000
0.338 14.300000
0.339 14.000000
0.340 15.100000
0.341 14.700000
0.342 15.800000
0.343 16.900000
0.344 15.000000
0.345 13.400000
0.346 17.799999
0.347 13.000000
0.348 13.900000
0.349 14.200000
0.350 16.200001
0.351 16.500000
0.352 14.900000
0.353 16.799999
0.354 15.100000
0.355 16.299999
0.356 17.100000
0.357 15.200000
0.358 14.300000
0.359 16.700001
0.360 15.200000
0.361 16.000000
0.362 17.000000
0.363 17.200001
0.364 15.700000
0.365 16.200001
0.366 17.600000
0.367 18.799999
0.368 16.100000
0.369 19.100000
0.370 17.500000
0.371 17.600000
0.372 16.000000
0.373 16.700001
0.374 17.100000
0.375 16.500000
0.376 19.100000
0.377 18.700001
0.378 16.400000
0.379 17.600000
0.380 20.100000
0.381 17.600000
0.382 20.500000
0.383 18.900000
0.384 18.900000
0.385 17.299999
0.386 19.000000
0.387 16.900000
0.388 20.299999
0.389 18.600000
0.390 19.000000
0.391 22.100000
0.392 21.200001
0.393 26.600000
0.394 20.000000
0.395 20.500000
0.396 18.299999
0.397 18.400000
0.398 20.600000
0.399 22.200001
0.400 25.200001
0.401 22.799999
0.402 21.900000
0.403 19.799999
0.404 21.600000
0.405 27.200001
0.406 23.799999
0.407 19.700001
0.408 22.200001
0.409 25.600000
0.410 24.600000
0.411 23.799999
0.412 22.400000
0.413 28.299999
0.414 25.900000
0.415 22.900000
0.416 26.900000
0.417 24.799999
0.418 25.799999
0.419 24.000000
0.420 28.100000
0.421 25.900000
0.422 25.200001
0.423 25.799999
0.424 24.200001
0.425 26.000000
0.426 30.500000
0.427 30.200001
0.428 32.799999
0.429 29.600000
0.430 24.299999
0.431 27.700001
0.432 30.500000
0.433 32.000000
0.434 30.600000
0.435 29.000000
0.436 28.100000
0.437 27.799999
0.438 27.799999
0.439 31.200001
0.440 26.700001
0.441 32.000000
0.442 31.299999
0.443 27.600000
0.444 32.400002
0.445 32.700001
0.446 34.099998
0.447 27.200001
0.448 33.099998
0.449 36.000000
0.450 29.600000
0.451 34.500000
0.452 33.099998
0.453 32.799999
0.454 39.500000
0.455 32.000000
0.456 36.599998
0.457 38.299999
0.458 36.799999
0.459 36.900002
0.460 46.700001
0.461 41.000000
0.462 43.700001
0.463 41.000000
0.464 38.400002
0.465 37.500000
0.466 38.700001
0.467 37.700001
0.468 40.299999
0.469 43.900002
0.470 33.700001
0.471 38.200001
0.472 44.000000
0.473 37.900002
0.474 44.700001
0.475 49.599998
0.476 41.500000
0.477 39.700001
0.478 43.900002
0.479 38.900002
0.480 42.099998
0.481 49.799999
0.482 53.500000
0.483 44.400002
0.484 46.900002
0.485 46.599998
0.486 51.200001
0.487 44.599998
0.488 52.200001
0.489 57.299999
0.490 53.900002
0.491 52.799999
0.492 52.200001
0.493 56.000000
0.494 62.099998
0.495 56.400002
0.496 58.799999
0.497 65.300003
0.498 57.799999
0.499 53.500000
0.500 59.900002
0.501 55.000000
0.502 61.200001
0.503 74.099998
0.504 55.900002
0.505 63.200001
0.506 69.900002
0.507 60.700001
0.508 64.599998
0.509 76.500000
0.510 59.500000
0.511 72.000000
0.512 70.199997
0.513 78.400002
0.514 70.900002
0.515 72.500000
0.516 86.900002
0.517 81.800003
0.518 89.400002
0.519 74.400002
0.520 81.699997
0.521 82.900002
0.522 80.599998
0.523 80.800003
0.524 91.000000
0.525 88.599998
0.526 94.300003
0.527 104.500000
0.528 96.800003
0.529 111.000000
0.530 90.300003
0.531 93.599998
0.532 85.400002
0.533 86.000000
0.534 122.000000
0.535 102.300003
0.536 92.400002
0.537 106.500000
0.538 116.900002
0.539 117.000000
0.540 114.599998
0.541 126.199997
0.542 110.300003
0.543 140.000000
0.544 154.300003
0.545 119.599998
0.546 139.000000
0.547 120.199997
0.548 165.399994
0.549 157.699997
0.550 140.100006
0.551 141.399994
0.552 190.000000
0.553 231.300003
0.554 158.899994
0.555 159.000000
0.556 208.000000
0.557 189.000000
0.558 226.100006
0.559 185.199997
0.560 193.399994
0.561 236.399994
0.562 263.399994
0.563 246.800003
0.564 194.300003
0.565 305.500000
0.566 221.300003
0.567 240.500000
0.568 302.000000
0.569 333.500000
0.570 270.200012
0.571 338.500000
0.572 313.200012
0.573 395.600006
0.574 373.799988
0.575 423.500000
0.576 375.899994
0.577 431.799988
0.578 622.799988
0.579 610.400024
0.580 573.200012
0.581 679.400024
0.582 775.299988
0.583 545.000000
0.584 856.000000
0.585 915.599976
0.586 1387.400024
0.587 1270.099976
0.588 1204.400024
0.589 1797.599976
0.590 1698.099976
0.591 1947.000000
0.592 1672.000000
0.593 1967.300049
0.594 2289.100098
0.595 2843.300049
0.596 2521.899902
0.597 2798.600098
0.598 2722.699951
0.599 2815.399902
0.600 2554.600098
0.601 2400.399902
0.602 2262.800049
0.603 2356.800049
0.604 2355.600098
0.605 2220.899902
0.606 2270.500000
0.607 2101.300049
0.608 2064.899902
0.609 2004.500000
0.610 2113.500000
0.611 1948.699951
0.612 1920.099976
0.613 1959.800049
0.614 1897.699951
0.615 1850.000000
0.616 1872.800049
0.617 1855.099976
0.618 1817.599976
0.619 1809.599976
0.620 1794.000000
0.621 1746.900024
0.622 1752.900024
0.623 1702.800049
0.624 1699.699951
0.625 1720.500000
0.626 1700.199951
0.627 1657.800049
0.628 1640.300049
0.629 1640.699951
0.630 1639.800049
0.631 1633.500000
0.632 1621.599976
0.633 1606.000000
0.634 1598.900024
0.635 1592.199951
0.636 1607.099976
0.637 1584.900024
0.638 1570.400024
0.639 1561.900024
0.640 1563.900024
0.641 1540.000000
0.642 1545.500000
0.643 1534.099976
0.644 1536.400024
0.645 1520.699951
0.646 1521.699951
0.647 1517.900024
0.648 1508.599976
0.649 1494.000000
0.650 1493.900024
0.651 1490.699951
0.652 1483.800049
0.653 1481.500000
0.654 1476.599976
0.655 1464.400024
0.656 1458.699951
0.657 1457.000000
0.658 1453.300049
0.659 1451.800049
0.660 1449.000000
0.661 1443.099976
0.662 1431.199951
0.663 1436.400024
0.664 1433.199951
0.665 1430.199951
0.666 1417.599976
0.667 1415.300049
0.668 1417.000000
0.669 1410.500000
0.670 1403.699951
0.671 1399.800049
0.672 1400.300049
0.673 1396.199951
0.674 1394.900024
0.675 1389.699951
0.676 1381.099976
0.677 1384.800049
0.678 1379.800049
0.679 1376.599976
0.680 1369.599976
0.681 1368.599976
0.682 1370.500000
0.683 1364.199951
0.684 1360.199951
0.685 1357.099976
0.686 1356.099976
0.687 1353.099976
0.688 1352.400024
0.689 1347.599976
0.690 1344.800049
0.691 1342.900024
0.692 1338.699951
0.693 1332.400024
0.694 1332.800049
0.695 1332.599976
0.696 1325.199951
0.697 1324.599976
0.698 1323.500000
0.699 1323.300049
0.700 1319.699951
0.701 1318.500000
0.702 1315.199951
0.703 1309.699951
0.704 1308.800049
0.705 1303.099976
0.706 1302.900024
0.707 1301.900024
0.708 1301.599976
0.709 1299.199951
0.710 1295.900024
0.711 1298.199951
0.712 1292.000000
0.713 1294.099976
0.714 1287.500000
0.715 1283.300049
0.716 1282.099976
0.717 1279.099976
0.718 1280.099976
0.719 1281.099976
0.720 1276.199951
0.721 1273.599976
0.722 1270.400024
0.723 1273.099976
0.724 1268.800049
0.725 1267.500000
0.726 1265.699951
0.727 1261.199951
0.728 1261.699951
0.729 1257.599976
0.730 1256.900024
0.731 1256.000000
0.732 1254.300049
0.733 1251.000000
0.734 1250.000000
0.735 1247.699951
0.736 1244.900024
0.737 1244.599976
0.738 1241.699951
0.739 1241.800049
0.740 1241.000000
0.741 1237.300049
0.742 1236.000000
0.743 1234.000000
0.744 1234.300049
0.745 1232.699951
0.746 1229.800049
0.747 1225.000000
0.748 1227.099976
0.749 1223.199951
0.750 1223.900024
0.751 1221.500000
0.752 1220.300049
0.753 1219.400024
0.754 1217.300049
0.755 1216.900024
0.756 1214.199951
0.757 1214.199951
0.758 1211.400024
0.759 1213.300049
0.760 1211.699951
0.761 1208.400024
0.762 1206.199951
0.763 1203.599976
0.764 1202.400024
0.765 1201.000000
0.766 1200.800049
0.767 1197.300049
0.768 1196.599976
0.769 1196.599976
0.770 1196.400024
0.771 1195.599976
0.772 1192.199951
0.773 1192.699951
0.774 1189.400024
0.775 1190.099976
0.776 1188.800049
0.777 1186.400024
0.778 1184.699951
0.779 1183.500000
0.780 1181.400024
0.781 1182.099976
0.782 1181.400024
0.783 1181.400024
0.784 1177.599976
0.785 1176.000000
0.786 1175.800049
0.787 1174.099976
0.788 1171.599976
0.789 1171.599976
0.790 1170.199951
0.791 1170.300049
0.792 1168.199951
0.793 1167.000000
0.794 1165.300049
0.795 1165.400024
0.796 1164.599976
0.797 1161.300049
0.798 1159.900024
0.799 1159.699951
0.800 1158.699951
0.801 1157.699951
0.802 1156.400024
0.803 1155.400024
0.804 1153.500000
0.805 1153.599976
0.806 1151.599976
0.807 1152.199951
0.808 1148.699951
0.809 1149.099976
0.810 1148.300049
0.811 1146.500000
0.812 1145.300049
0.813 1145.199951
0.814 1144.000000
0.815 1142.400024
0.816 1141.300049
0.817 1143.000000
0.818 1139.699951
0.819 1139.599976
0.820 1138.099976
0.821 1138.199951
0.822 1136.500000
0.823 1133.400024
0.824 1133.400024
0.825 1132.400024
0.826 1132.900024
0.827 1131.699951
0.828 1129.500000
0.829 1129.199951
0.830 1127.400024
0.831 1126.900024
0.832 1125.300049
0.833 1125.000000
0.834 1123.400024
0.835 1124.300049
0.836 1121.900024
0.837 1121.099976
0.838 1120.900024
0.839 1120.099976
0.840 1118.599976
0.841 1118.000000
0.842 1116.400024
0.843 1115.599976
0.844 1114.699951
0.845 1113.699951
0.846 1113.300049
0.847 1112.300049
0.848 1110.699951
0.849 1109.599976
0.850 1109.500000
0.851 1108.699951
0.852 1108.699951
0.853 1106.599976
0.854 1107.000000
0.855 1105.699951
0.856 1104.199951
0.857 1103.199951
0.858 1102.800049
0.859 1102.900024
0.860 1100.699951
0.861 1100.300049
0.862 1099.099976
0.863 1099.099976
0.864 1096.800049
0.865 1097.699951
0.866 1096.800049
0.867 1095.400024
0.868 1093.900024
0.869 1094.099976
0.870 1092.400024
0.871 1092.099976
0.872 1091.199951
0.873 1090.500000
0.874 1089.500000
0.875 1089.900024
0.876 1087.400024
0.877 1087.199951
0.878 1086.400024
0.879 1085.400024
0.880 1084.900024
0.881 1083.800049
0.882 1083.199951
0.883 1083.199951
0.884 1081.300049
0.885 1081.500000
0.886 1080.400024
0.887 1079.800049
0.888 1078.300049
0.889 1078.300049
0.890 1077.099976
0.891 1076.199951
0.892 1075.300049
0.893 1074.500000
0.894 1073.900024
0.895 1073.599976
0.896 1074.199951
0.897 1071.900024
0.898 1071.199951
0.899 1070.300049
0.900 1069.599976
0.901 1069.300049
0.902 1068.500000
0.903 1066.900024
0.904 1067.199951
0.905 1065.800049
0.906 1064.900024
0.907 1064.400024
0.908 1064.699951
0.909 1062.900024
0.910 1063.000000
0.911 1062.199951
0.912 1060.800049
0.913 1060.800049
0.914 1060.000000
0.915 1059.300049
0.916 1058.400024
0.917 1057.900024
0.918 1056.699951
0.919 1056.500000
0.920 1055.599976
0.921 1054.900024
0.922 1054.199951
0.923 1053.000000
0.924 1052.699951
0.925 1051.699951
0.926 1051.699951
0.927 1050.599976
0.928 1050.500000
0.929 1048.800049
0.930 1048.400024
0.931 1048.099976
0.932 1047.300049
0.933 1046.699951
0.934 1046.400024
0.935 1045.199951
0.936 1045.099976
0.937 1044.599976
0.938 1044.300049
0.939 1042.500000
0.940 1042.400024
0.941 1041.800049
0.942 1040.900024
0.943 1039.800049
0.944 1040.000000
0.945 1038.699951
0.946 1038.300049
0.947 1037.500000
0.948 1036.599976
0.949 1036.199951
0.950 1035.800049
0.951 1035.199951
0.952 1033.900024
0.953 1033.900024
0.954 1032.599976
0.955 1032.500000
0.956 1032.199951
0.957 1031.300049
0.958 1030.900024
0.959 1030.099976
0.960 1029.099976
0.961 1028.300049
0.962 1028.000000
0.963 1027.400024
0.964 1026.800049
0.965 1026.199951
0.966 1026.199951
0.967 1024.599976
0.968 1023.799988
0.969 1023.299988
0.970 1023.099976
0.971 1022.599976
0.972 1021.799988
0.973 1021.299988
0.974 1020.099976
0.975 1020.299988
0.976 1018.900024
0.977 1019.000000
0.978 1017.900024
0.979 1017.400024
0.980 1016.900024
0.981 1016.200012
0.982 1015.200012
0.983 1014.700012
0.984 1013.799988
0.985 1013.700012
0.986 1013.000000
0.987 1012.000000
0.988 1011.400024
0.989 1011.000000
0.990 1010.099976
0.991 1009.400024
0.992 1008.799988
0.993 1008.200012
0.994 1007.400024
0.995 1006.500000
0.996 1005.599976
0.997 1005.000000
0.998 1004.000000
0.999 1003.000000
1.000 1000.000000
