0.594000 1.982900
0.594100 2.464600
0.594200 2.735800
0.594400 3.027100
0.594500 3.283600
0.594600 3.064300
0.594700 3.184300
0.594800 3.020800
0.594900 2.825100
0.595100 2.619300
0.595000 2.825200
0.595200 2.920600
0.595300 2.684800
0.595400 3.102700
0.595500 2.579600
0.595600 2.583100
0.595700 2.904200
0.595800 2.747500
0.595900 2.714900
0.596000 2.660700
0.596100 2.682300
0.596200 2.998300
0.596300 2.972600
0.596400 2.800900
0.596500 2.690800
0.596600 2.556900
0.596700 3.197400
0.596800 2.965900
0.596900 2.770900
0.597000 2.815400
0.597100 2.777000
0.594000 2.295900
0.594100 3.177600
0.594200 2.911700
0.594200 2.919200
0.594000 2.653600
0.594100 2.834800
0.594100 2.391100
0.594000 2.618000
0.594200 2.814600
0.594100 2.269500
0.594200 2.849300
0.594000 2.590200
