Manager at c
Incrementing by 0.000010
0.594050 2.582450
0.594060 2.646770
0.594000 2.601965
0.594110 2.634829
0.594090 2.597344
0.594070 2.621099
0.594020 2.594943
0.594230 2.659702
0.594030 2.609567
0.594130 2.575466
0.594210 2.649810
0.594010 2.587713
0.594040 2.586026
0.594100 2.641033
0.594120 2.632499
0.594170 2.606252
0.594080 2.580629
0.594160 2.638203
0.594510 2.655789
0.594200 2.669218
0.594370 2.635444
0.594150 2.588623
0.594260 2.659915
0.594300 2.651155
0.594280 2.587429
0.594250 2.633969
0.594180 2.618763
0.594450 2.611644
0.594320 2.659025
0.594480 2.606763
0.594330 2.649092
0.594190 2.638392
0.594460 2.684102
0.594380 2.634126
0.594220 2.608153
0.594270 2.629237
0.594140 2.564957
0.594390 2.662113
0.594440 2.686069
0.594420 2.655482
0.594540 2.679930
0.594350 2.708693
0.594290 2.664722
0.594410 2.650299
0.594500 2.704754
0.594470 2.674326
0.594360 2.660553
0.594240 2.672660
0.594400 2.703865
0.594430 2.677103
0.594310 2.667709
0.594340 2.613055
0.594530 2.629156
0.594520 2.695539
0.594490 2.662612
0.594570 2.680162
0.594560 2.670404
0.594600 2.649670
0.594630 2.685854
0.594620 2.678197
0.594740 2.687967
0.594640 2.682391
0.594650 2.660643
0.594780 2.647284
0.594670 2.669029
0.594700 2.728740
0.594690 2.691990
0.594580 2.725270
0.594760 2.699227
0.594710 2.685843
0.594750 2.690487
0.594730 2.710812
0.594610 2.696403
0.594790 2.663376
0.594660 2.689738
0.594830 2.700291
0.594770 2.686428
0.594890 2.697297
0.594910 2.650831
0.594860 2.696818
0.594870 2.691074
0.594850 2.722745
0.594940 2.703775
0.595000 2.668513
0.594960 2.722475
0.594590 2.653183
0.594720 2.708943
0.594990 2.691120
0.595010 2.725035
0.595040 2.690756
0.594800 2.762758
0.594900 2.745602
0.595020 2.695489
0.594950 2.704869
0.594970 2.725282
0.594980 2.704136
0.595030 2.747953
0.594680 2.717078
0.595050 2.750943
0.594880 2.657052
0.594810 2.711263
0.594920 2.710053
0.594840 2.645270
0.594820 2.691475
0.595060 2.688132
0.595090 2.741219
0.595070 2.784713
0.594930 2.754547
0.595100 2.744192
0.595080 2.725298
56 total processes killed (some possibly by mpirun during cleanup)
