0.000000 0.000000
0.001000 0.000680
0.002000 0.000880
0.003000 0.000930
0.004000 0.000990
0.005000 0.001030
0.006000 0.001020
0.007000 0.001040
0.008000 0.001070
0.009000 0.001040
0.010000 0.001100
0.011000 0.001090
0.012000 0.001110
0.013000 0.001130
0.014000 0.001140
0.015000 0.001290
0.016000 0.001280
0.017000 0.001250
0.018000 0.001260
0.019000 0.001320
0.020000 0.001280
0.021000 0.001350
0.022000 0.001440
0.023000 0.001490
0.024000 0.001640
0.025000 0.001430
0.026000 0.001500
0.027000 0.001540
0.028000 0.001770
0.029000 0.001530
0.030000 0.001670
0.031000 0.001610
0.032000 0.001730
0.033000 0.001760
0.034000 0.001740
0.035000 0.001740
0.036000 0.001950
0.037000 0.001890
0.038000 0.001990
0.039000 0.001930
0.040000 0.002090
0.041000 0.001970
0.042000 0.001990
0.043000 0.002060
0.044000 0.002110
0.045000 0.002100
0.046000 0.002130
0.047000 0.002220
0.048000 0.002270
0.049000 0.002260
0.050000 0.002290
0.051000 0.002360
0.052000 0.002380
0.053000 0.002340
0.054000 0.002390
0.055000 0.002380
0.056000 0.002390
0.057000 0.002440
0.058000 0.002510
0.059000 0.002430
0.060000 0.002570
0.061000 0.002470
0.062000 0.002550
0.063000 0.002600
0.064000 0.002750
0.065000 0.002600
0.066000 0.002650
0.067000 0.002550
0.068000 0.002680
0.069000 0.002700
0.070000 0.002860
0.071000 0.002880
0.072000 0.002890
0.073000 0.002880
0.074000 0.002990
0.075000 0.002930
0.076000 0.003000
0.077000 0.002920
0.078000 0.002870
0.079000 0.002970
0.080000 0.002990
0.081000 0.003050
0.082000 0.003150
0.083000 0.002980
0.084000 0.003110
0.085000 0.003100
0.086000 0.003110
0.087000 0.003220
0.088000 0.003150
0.089000 0.003210
0.090000 0.003270
0.091000 0.003350
0.092000 0.003180
0.093000 0.003190
0.094000 0.003330
0.095000 0.003420
0.096000 0.003260
0.097000 0.003380
0.098000 0.003570
0.099000 0.003400
0.100000 0.003610
0.101000 0.003550
0.102000 0.003540
0.103000 0.003550
0.104000 0.003740
0.105000 0.003490
0.106000 0.003550
0.107000 0.003780
0.108000 0.003580
0.109000 0.003870
0.110000 0.003860
0.111000 0.003800
0.112000 0.003780
0.113000 0.003710
0.114000 0.003920
0.115000 0.004020
0.116000 0.003830
0.117000 0.003930
0.118000 0.003810
0.119000 0.004180
0.120000 0.003890
0.121000 0.004180
0.122000 0.004110
0.123000 0.003920
0.124000 0.004060
0.125000 0.004220
0.126000 0.004350
0.127000 0.004310
0.128000 0.004220
0.129000 0.004250
0.130000 0.004320
0.131000 0.004280
0.132000 0.004290
0.133000 0.004340
0.134000 0.004390
0.135000 0.004410
0.136000 0.004250
0.137000 0.004410
0.138000 0.004430
0.139000 0.004490
0.140000 0.004540
0.141000 0.004620
0.142000 0.004550
0.143000 0.004670
0.144000 0.004590
0.145000 0.004740
0.146000 0.004630
0.147000 0.004900
0.148000 0.004860
0.149000 0.004590
0.150000 0.004810
0.151000 0.004850
0.152000 0.004880
0.153000 0.005050
0.154000 0.004890
0.155000 0.004790
0.156000 0.004900
0.157000 0.005000
0.158000 0.005100
0.159000 0.005190
0.160000 0.004900
0.161000 0.005360
0.162000 0.005010
0.163000 0.004990
0.164000 0.005320
0.165000 0.005390
0.166000 0.005080
0.167000 0.004980
0.168000 0.005180
0.169000 0.005280
0.170000 0.005520
0.171000 0.005600
0.172000 0.005540
0.173000 0.005740
0.174000 0.005530
0.175000 0.005350
0.176000 0.005720
0.177000 0.005590
0.178000 0.005660
0.179000 0.005730
0.180000 0.005710
0.181000 0.005710
0.182000 0.005790
0.183000 0.005690
0.184000 0.005790
0.185000 0.006080
0.186000 0.005750
0.187000 0.005810
0.188000 0.005860
0.189000 0.006000
0.190000 0.005970
0.191000 0.006010
0.192000 0.006110
0.193000 0.006260
0.194000 0.006340
0.195000 0.006240
0.196000 0.006080
0.197000 0.006440
0.198000 0.006390
0.199000 0.006100
0.200000 0.006610
0.201000 0.006570
0.202000 0.006350
0.203000 0.006470
0.204000 0.006660
0.205000 0.006550
0.206000 0.006650
0.207000 0.006690
0.208000 0.006570
0.209000 0.006650
0.210000 0.006450
0.211000 0.006430
0.212000 0.006640
0.213000 0.006780
0.214000 0.006880
0.215000 0.006620
0.216000 0.006710
0.217000 0.006930
0.218000 0.007220
0.219000 0.007110
0.220000 0.007390
0.221000 0.007130
0.222000 0.007180
0.223000 0.007250
0.224000 0.007270
0.225000 0.007180
0.226000 0.007380
0.227000 0.007500
0.228000 0.007670
0.229000 0.007380
0.230000 0.007620
0.231000 0.007680
0.232000 0.007510
0.233000 0.007370
0.234000 0.007670
0.235000 0.007680
0.236000 0.008050
0.237000 0.008070
0.238000 0.008150
0.239000 0.008040
0.240000 0.008180
0.241000 0.008230
0.242000 0.008010
0.243000 0.008070
0.244000 0.008340
0.245000 0.008420
0.246000 0.007970
0.247000 0.008340
0.248000 0.008720
0.249000 0.008660
0.250000 0.008320
0.251000 0.008570
0.252000 0.008610
0.253000 0.008830
0.254000 0.008550
0.255000 0.008570
0.256000 0.008760
0.257000 0.008330
0.258000 0.008720
0.259000 0.008900
0.260000 0.008840
0.261000 0.009360
0.262000 0.009150
0.263000 0.009040
0.264000 0.009160
0.265000 0.009100
0.266000 0.009310
0.267000 0.009150
0.268000 0.009410
0.269000 0.009950
0.270000 0.009330
0.271000 0.009520
0.272000 0.009950
0.273000 0.009900
0.274000 0.009580
0.275000 0.010140
0.276000 0.009720
0.277000 0.009820
0.278000 0.010130
0.279000 0.010100
0.280000 0.009810
0.281000 0.010270
0.282000 0.010200
0.283000 0.010460
0.284000 0.010410
0.285000 0.010210
0.286000 0.010330
0.287000 0.010640
0.288000 0.010610
0.289000 0.010940
0.290000 0.010480
0.291000 0.010430
0.292000 0.011390
0.293000 0.011280
0.294000 0.011510
0.295000 0.010510
0.296000 0.011220
0.297000 0.011170
0.298000 0.011420
0.299000 0.011100
0.300000 0.011100
0.301000 0.011160
0.302000 0.011490
0.303000 0.011660
0.304000 0.011540
0.305000 0.011340
0.306000 0.011940
0.307000 0.011690
0.308000 0.011740
0.309000 0.012190
0.310000 0.011900
0.311000 0.012230
0.312000 0.011910
0.313000 0.012170
0.314000 0.012640
0.315000 0.013050
0.316000 0.012640
0.317000 0.012600
0.318000 0.012830
0.319000 0.012860
0.320000 0.013140
0.321000 0.013060
0.322000 0.013080
0.323000 0.013200
0.324000 0.013010
0.325000 0.013030
0.326000 0.013400
0.327000 0.013970
0.328000 0.013520
0.329000 0.013260
0.330000 0.014540
0.331000 0.013460
0.332000 0.013530
0.333000 0.013910
0.334000 0.014210
0.335000 0.013770
0.336000 0.014290
0.337000 0.014200
0.338000 0.014770
0.339000 0.013990
0.340000 0.014610
0.341000 0.013990
0.342000 0.014150
0.343000 0.014630
0.344000 0.015110
0.345000 0.015510
0.346000 0.014620
0.347000 0.015310
0.348000 0.015370
0.349000 0.015410
0.350000 0.015460
0.351000 0.016180
0.352000 0.015790
0.353000 0.015290
0.354000 0.015680
0.355000 0.016120
0.356000 0.016300
0.357000 0.016160
0.358000 0.016090
0.359000 0.016160
0.360000 0.016280
0.361000 0.017030
0.362000 0.016990
0.363000 0.016100
0.364000 0.016590
0.365000 0.018250
0.366000 0.016890
0.367000 0.018290
0.368000 0.017280
0.369000 0.017480
0.370000 0.017910
0.371000 0.017170
0.372000 0.017690
0.373000 0.017540
0.374000 0.018240
0.375000 0.018270
0.376000 0.018710
0.377000 0.018430
0.378000 0.018600
0.379000 0.018850
0.380000 0.018660
0.381000 0.019980
0.382000 0.019290
0.383000 0.018940
0.384000 0.020620
0.385000 0.019410
0.386000 0.019560
0.387000 0.019030
0.388000 0.020250
0.389000 0.020760
0.390000 0.020390
0.391000 0.020630
0.392000 0.020380
0.393000 0.020710
0.394000 0.020720
0.395000 0.020740
0.396000 0.022390
0.397000 0.021370
0.398000 0.021750
0.399000 0.021320
0.400000 0.021480
0.401000 0.022060
0.402000 0.023020
0.403000 0.022390
0.404000 0.022440
0.405000 0.022370
0.406000 0.022860
0.407000 0.024060
0.408000 0.023690
0.409000 0.023400
0.410000 0.023870
0.411000 0.024570
0.412000 0.024740
0.413000 0.024830
0.414000 0.024140
0.415000 0.025650
0.416000 0.024010
0.417000 0.025330
0.418000 0.026540
0.419000 0.024560
0.420000 0.025760
0.421000 0.026220
0.422000 0.025560
0.423000 0.027330
0.424000 0.026930
0.425000 0.028210
0.426000 0.027070
0.427000 0.027340
0.428000 0.027780
0.429000 0.027670
0.430000 0.027480
0.431000 0.029090
0.432000 0.027980
0.433000 0.029340
0.434000 0.029690
0.435000 0.029000
0.436000 0.028580
0.437000 0.029270
0.438000 0.030310
0.439000 0.031000
0.440000 0.030690
0.441000 0.030990
0.442000 0.030480
0.443000 0.031690
0.444000 0.032310
0.445000 0.031720
0.446000 0.032400
0.447000 0.032350
0.448000 0.033280
0.449000 0.031660
0.450000 0.034300
0.451000 0.036090
0.452000 0.032920
0.453000 0.035030
0.454000 0.036290
0.455000 0.034030
0.456000 0.034430
0.457000 0.036530
0.458000 0.038900
0.459000 0.037130
0.460000 0.036700
0.461000 0.037070
0.462000 0.039310
0.463000 0.037670
0.464000 0.038480
0.465000 0.040620
0.466000 0.039700
0.467000 0.038810
0.468000 0.040660
0.469000 0.043030
0.470000 0.041640
0.471000 0.042590
0.472000 0.042790
0.473000 0.042030
0.474000 0.042200
0.475000 0.043160
0.476000 0.045600
0.477000 0.045160
0.478000 0.046520
0.479000 0.044280
0.480000 0.046380
0.481000 0.045140
0.482000 0.050080
0.483000 0.046840
0.484000 0.048250
0.485000 0.046210
0.486000 0.047490
0.487000 0.051030
0.488000 0.051670
0.489000 0.052720
0.490000 0.050700
0.491000 0.053730
0.492000 0.052610
0.493000 0.053120
0.494000 0.052960
0.495000 0.056320
0.496000 0.058910
0.497000 0.055480
0.498000 0.055620
0.499000 0.060000
0.500000 0.061310
0.501000 0.060410
0.502000 0.063360
0.503000 0.061210
0.504000 0.064120
0.505000 0.066890
0.506000 0.065860
0.507000 0.068300
0.508000 0.066770
0.509000 0.068180
0.510000 0.068600
0.511000 0.071560
0.512000 0.070400
0.513000 0.069390
0.514000 0.076280
0.515000 0.075720
0.516000 0.077980
0.517000 0.074570
0.518000 0.080780
0.519000 0.080880
0.520000 0.080880
0.521000 0.088960
0.522000 0.085750
0.523000 0.088980
0.524000 0.083250
0.525000 0.090380
0.526000 0.091080
0.527000 0.096070
0.528000 0.089630
0.529000 0.096040
0.530000 0.096940
0.531000 0.101240
0.532000 0.097060
0.533000 0.100440
0.534000 0.107330
0.535000 0.106190
0.536000 0.117290
0.537000 0.112490
0.538000 0.121190
0.539000 0.123580
0.540000 0.120240
0.541000 0.120320
0.542000 0.122990
0.543000 0.136910
0.544000 0.129790
0.545000 0.128050
0.546000 0.139990
0.547000 0.144340
0.548000 0.145620
0.549000 0.149070
0.550000 0.157480
0.551000 0.155050
0.552000 0.169390
0.553000 0.183410
0.554000 0.175660
0.555000 0.179690
0.556000 0.199740
0.557000 0.192000
0.558000 0.198250
0.559000 0.203380
0.560000 0.207790
0.561000 0.210420
0.562000 0.236890
0.563000 0.211210
0.564000 0.257820
0.565000 0.261900
0.566000 0.258440
0.567000 0.265080
0.568000 0.304110
0.569000 0.297840
0.570000 0.317240
0.571000 0.351470
0.572000 0.371300
0.573000 0.385690
0.574000 0.379010
0.575000 0.406100
0.576000 0.424430
0.577000 0.455990
0.578000 0.496680
0.579000 0.508910
0.580000 0.588270
0.581000 0.632930
0.582000 0.686810
0.583000 0.730700
0.584000 0.763530
0.585000 0.849480
0.586000 1.046850
0.587000 1.198510
0.588000 1.321840
0.589000 1.428500
0.590000 1.843240
0.591000 2.047720
0.592000 2.116690
0.593000 2.315790
0.594000 2.528670
0.595000 2.748220
0.596000 2.782810
0.597000 2.742760
0.598000 2.661320
0.599000 2.652290
0.600000 2.565860
0.601000 2.479000
0.602000 2.465410
0.603000 2.332630
0.604000 2.251720
0.605000 2.213390
0.606000 2.140410
0.607000 2.111420
0.608000 2.042260
0.609000 2.038350
0.610000 2.003140
0.611000 1.992010
0.612000 1.952480
0.613000 1.908100
0.614000 1.893600
0.615000 1.855480
0.616000 1.830930
0.617000 1.822050
0.618000 1.789840
0.619000 1.782740
0.620000 1.768090
0.621000 1.755530
0.622000 1.734540
0.623000 1.724320
0.624000 1.711010
0.625000 1.705840
0.626000 1.694860
0.627000 1.668170
0.628000 1.661120
0.629000 1.651450
0.630000 1.635050
0.631000 1.633660
0.632000 1.617350
0.633000 1.616310
0.634000 1.604780
0.635000 1.594780
0.636000 1.588120
0.637000 1.578140
0.638000 1.572910
0.639000 1.568430
0.640000 1.557850
0.641000 1.552510
0.642000 1.545560
0.643000 1.534620
0.644000 1.531910
0.645000 1.520870
0.646000 1.516910
0.647000 1.511300
0.648000 1.502930
0.649000 1.498820
0.650000 1.495930
0.651000 1.488080
0.652000 1.484240
0.653000 1.480640
0.654000 1.472830
0.655000 1.470170
0.656000 1.465810
0.657000 1.460180
0.658000 1.456090
0.659000 1.450440
0.660000 1.448700
0.661000 1.440180
0.662000 1.439790
0.663000 1.435770
0.664000 1.428000
0.665000 1.422700
0.666000 1.418380
0.667000 1.417150
0.668000 1.413110
0.669000 1.410400
0.670000 1.405940
0.671000 1.400480
0.672000 1.400470
0.673000 1.395090
0.674000 1.392730
0.675000 1.390490
0.676000 1.385910
0.677000 1.382460
0.678000 1.381460
0.679000 1.375600
0.680000 1.373860
0.681000 1.369420
0.682000 1.367430
0.683000 1.364970
0.684000 1.361240
0.685000 1.358430
0.686000 1.354560
0.687000 1.352390
0.688000 1.349440
0.689000 1.347300
0.690000 1.344770
0.691000 1.343580
0.692000 1.338490
0.693000 1.336760
0.694000 1.333590
0.695000 1.331750
0.696000 1.329690
0.697000 1.325590
0.698000 1.322960
0.699000 1.322970
0.700000 1.319000
0.701000 1.316380
0.702000 1.313620
0.703000 1.311670
0.704000 1.309210
0.705000 1.306620
0.706000 1.304430
0.707000 1.301990
0.708000 1.301210
0.709000 1.298350
0.710000 1.296210
0.711000 1.292970
0.712000 1.291200
0.713000 1.289380
0.714000 1.287710
0.715000 1.285270
0.716000 1.282330
0.717000 1.281470
0.718000 1.278780
0.719000 1.276590
0.720000 1.275380
0.721000 1.273800
0.722000 1.271820
0.723000 1.269260
0.724000 1.267900
0.725000 1.266080
0.726000 1.263720
0.727000 1.262890
0.728000 1.260980
0.729000 1.258800
0.730000 1.255680
0.731000 1.255330
0.732000 1.254100
0.733000 1.251070
0.734000 1.249320
0.735000 1.248490
0.736000 1.246680
0.737000 1.243880
0.738000 1.242460
0.739000 1.241330
0.740000 1.239970
0.741000 1.238810
0.742000 1.237450
0.743000 1.234520
0.744000 1.233130
0.745000 1.231800
0.746000 1.230500
0.747000 1.229140
0.748000 1.226540
0.749000 1.225100
0.750000 1.223570
0.751000 1.222450
0.752000 1.220990
0.753000 1.219410
0.754000 1.217820
0.755000 1.217020
0.756000 1.215000
0.757000 1.213590
0.758000 1.211950
0.759000 1.210730
0.760000 1.209350
0.761000 1.207570
0.762000 1.205410
0.763000 1.204460
0.764000 1.203930
0.765000 1.202660
0.766000 1.200960
0.767000 1.199340
0.768000 1.198200
0.769000 1.196550
0.770000 1.195730
0.771000 1.194530
0.772000 1.192820
0.773000 1.191940
0.774000 1.189960
0.775000 1.188960
0.776000 1.187440
0.777000 1.186000
0.778000 1.185090
0.779000 1.183410
0.780000 1.182700
0.781000 1.181260
0.782000 1.179850
0.783000 1.179150
0.784000 1.178120
0.785000 1.176810
0.786000 1.175000
0.787000 1.174550
0.788000 1.172950
0.789000 1.171520
0.790000 1.170840
0.791000 1.169540
0.792000 1.168090
0.793000 1.167010
0.794000 1.165710
0.795000 1.164110
0.796000 1.163720
0.797000 1.162370
0.798000 1.161310
0.799000 1.160270
0.800000 1.158840
0.801000 1.158390
0.802000 1.157260
0.803000 1.155590
0.804000 1.154690
0.805000 1.153330
0.806000 1.152370
0.807000 1.151740
0.808000 1.150820
0.809000 1.149640
0.810000 1.148400
0.811000 1.147430
0.812000 1.146060
0.813000 1.144910
0.814000 1.143980
0.815000 1.142820
0.816000 1.141790
0.817000 1.140580
0.818000 1.139280
0.819000 1.138850
0.820000 1.138570
0.821000 1.136560
0.822000 1.136130
0.823000 1.134600
0.824000 1.133950
0.825000 1.132690
0.826000 1.131950
0.827000 1.130950
0.828000 1.130690
0.829000 1.129360
0.830000 1.128400
0.831000 1.127350
0.832000 1.126060
0.833000 1.125490
0.834000 1.124220
0.835000 1.123340
0.836000 1.122330
0.837000 1.121520
0.838000 1.120320
0.839000 1.120280
0.840000 1.118700
0.841000 1.117690
0.842000 1.116680
0.843000 1.115720
0.844000 1.115250
0.845000 1.114340
0.846000 1.113670
0.847000 1.112470
0.848000 1.111810
0.849000 1.110580
0.850000 1.109930
0.851000 1.108740
0.852000 1.107920
0.853000 1.107190
0.854000 1.106060
0.855000 1.105540
0.856000 1.104590
0.857000 1.103680
0.858000 1.102760
0.859000 1.101920
0.860000 1.100940
0.861000 1.100220
0.862000 1.099360
0.863000 1.098570
0.864000 1.097690
0.865000 1.097040
0.866000 1.096100
0.867000 1.095190
0.868000 1.094410
0.869000 1.093490
0.870000 1.093060
0.871000 1.091990
0.872000 1.091090
0.873000 1.090590
0.874000 1.089600
0.875000 1.088870
0.876000 1.087660
0.877000 1.087240
0.878000 1.086360
0.879000 1.085680
0.880000 1.084610
0.881000 1.084310
0.882000 1.083220
0.883000 1.082640
0.884000 1.081910
0.885000 1.081170
0.886000 1.080150
0.887000 1.079710
0.888000 1.078950
0.889000 1.078140
0.890000 1.077120
0.891000 1.076230
0.892000 1.075550
0.893000 1.075110
0.894000 1.074280
0.895000 1.073600
0.896000 1.072870
0.897000 1.072060
0.898000 1.071130
0.899000 1.070510
0.900000 1.070050
0.901000 1.068850
0.902000 1.068560
0.903000 1.067710
0.904000 1.066740
0.905000 1.066230
0.906000 1.065230
0.907000 1.064790
0.908000 1.064090
0.909000 1.063390
0.910000 1.062720
0.911000 1.062040
0.912000 1.061100
0.913000 1.060400
0.914000 1.059830
0.915000 1.059060
0.916000 1.058200
0.917000 1.057650
0.918000 1.057260
0.919000 1.056300
0.920000 1.055570
0.921000 1.054850
0.922000 1.054100
0.923000 1.053360
0.924000 1.052970
0.925000 1.052290
0.926000 1.051540
0.927000 1.050830
0.928000 1.050100
0.929000 1.049470
0.930000 1.048850
0.931000 1.048150
0.932000 1.047280
0.933000 1.047010
0.934000 1.045850
0.935000 1.045430
0.936000 1.044700
0.937000 1.044050
0.938000 1.043590
0.939000 1.042920
0.940000 1.042180
0.941000 1.041600
0.942000 1.040690
0.943000 1.040310
0.944000 1.039460
0.945000 1.038890
0.946000 1.038390
0.947000 1.037630
0.948000 1.037090
0.949000 1.036260
0.950000 1.035580
0.951000 1.035210
0.952000 1.034660
0.953000 1.033700
0.954000 1.033230
0.955000 1.032660
0.956000 1.031840
0.957000 1.031240
0.958000 1.030520
0.959000 1.030020
0.960000 1.029350
0.961000 1.028850
0.962000 1.028170
0.963000 1.027440
0.964000 1.026690
0.965000 1.026200
0.966000 1.025520
0.967000 1.024790
0.968000 1.024120
0.969000 1.023690
0.970000 1.023010
0.971000 1.022400
0.972000 1.021650
0.973000 1.021070
0.974000 1.020510
0.975000 1.019940
0.976000 1.019310
0.977000 1.018550
0.978000 1.018100
0.979000 1.017270
0.980000 1.016650
0.981000 1.015930
0.982000 1.015500
0.983000 1.014670
0.984000 1.014010
0.985000 1.013460
0.986000 1.012750
0.987000 1.012280
0.988000 1.011370
0.989000 1.010770
0.990000 1.010090
0.991000 1.009380
0.992000 1.008620
0.993000 1.008040
0.994000 1.007230
0.995000 1.006640
0.996000 1.005760
0.997000 1.005040
0.998000 1.004090
0.999000 1.003020
1.000000 1.000000
