0.001000 99.904700 0.000900
0.002000 99.800500 0.003100
0.003000 99.694700 0.002600
0.004000 99.595900 0.003600
0.005000 99.507800 0.004600
0.006000 99.407600 0.004600
0.007000 99.303800 0.005500
0.008000 99.219200 0.006500
0.009000 99.110700 0.007800
0.010000 99.031500 0.011200
0.011000 98.917100 0.012100
0.012000 98.813100 0.012600
0.013000 98.703100 0.013900
0.014000 98.604400 0.015300
0.015000 98.512900 0.015500
0.016000 98.424000 0.013700
0.017000 98.298400 0.017100
0.018000 98.242300 0.019500
0.019000 98.109500 0.018400
0.020000 98.025300 0.020600
0.021000 97.923400 0.021100
0.022000 97.812800 0.023000
0.023000 97.736300 0.025500
0.024000 97.607700 0.025200
0.025000 97.532000 0.022800
0.026000 97.408300 0.027300
0.027000 97.324900 0.026100
0.028000 97.235900 0.028600
0.029000 97.148600 0.030200
0.030000 97.018900 0.029400
0.031000 96.932200 0.032200
0.032000 96.833600 0.034200
0.033000 96.716500 0.034500
0.034000 96.655700 0.036100
0.035000 96.548500 0.036200
0.036000 96.454600 0.039100
0.037000 96.361700 0.038400
0.038000 96.224700 0.040500
0.039000 96.180900 0.044600
0.040000 96.019100 0.048300
0.041000 95.945900 0.044000
0.042000 95.881200 0.042700
0.043000 95.771900 0.043000
0.044000 95.647600 0.048700
0.045000 95.543300 0.047700
0.046000 95.437400 0.048200
0.047000 95.330600 0.049100
0.048000 95.269600 0.047700
0.049000 95.167500 0.053700
0.050000 95.010600 0.052200
0.051000 94.919800 0.050400
0.052000 94.862200 0.055700
0.053000 94.771500 0.057900
0.054000 94.689600 0.053200
0.055000 94.547000 0.056100
0.056000 94.460900 0.055500
0.057000 94.300000 0.058700
0.058000 94.271300 0.064100
0.059000 94.137900 0.058700
0.060000 94.044900 0.061700
0.061000 93.967900 0.064500
0.062000 93.885600 0.065400
0.063000 93.768700 0.065900
0.064000 93.651300 0.069700
0.065000 93.547500 0.068800
0.066000 93.462400 0.071400
0.067000 93.342800 0.072100
0.068000 93.315400 0.070300
0.069000 93.173300 0.073600
0.070000 93.043600 0.075600
0.071000 92.986500 0.074400
0.072000 92.796300 0.078500
0.073000 92.777900 0.074600
0.074000 92.682800 0.083900
0.075000 92.663900 0.087500
0.076000 92.501600 0.085800
0.077000 92.387100 0.085800
0.078000 92.248300 0.090000
0.079000 92.200300 0.085400
0.080000 92.093600 0.086900
0.081000 91.991300 0.086200
0.082000 91.870000 0.089800
0.083000 91.787500 0.094200
0.084000 91.628800 0.089900
0.085000 91.608500 0.098400
0.086000 91.529700 0.097600
0.087000 91.416300 0.100600
0.088000 91.322700 0.092800
0.089000 91.180500 0.097900
0.090000 91.037700 0.095400
0.091000 91.022200 0.101000
0.092000 90.901100 0.099400
0.093000 90.809400 0.105500
0.094000 90.734600 0.107100
0.095000 90.663500 0.101700
0.096000 90.530700 0.105000
0.097000 90.352400 0.113700
0.098000 90.316100 0.106100
0.099000 90.236500 0.112700
0.100000 90.114000 0.114900
0.101000 89.965100 0.121100
0.102000 89.900500 0.117600
0.103000 89.822100 0.119900
0.104000 89.731100 0.121500
0.105000 89.630600 0.119600
0.106000 89.548600 0.117900
0.107000 89.459400 0.128200
0.108000 89.375600 0.126400
0.109000 89.215400 0.121300
0.110000 89.060700 0.131700
0.111000 88.978100 0.125900
0.112000 88.975000 0.131600
0.113000 88.810100 0.132100
0.114000 88.695000 0.128400
0.115000 88.666800 0.134500
0.116000 88.481200 0.124900
0.117000 88.427300 0.133100
0.118000 88.356400 0.133400
0.119000 88.205800 0.143200
0.120000 88.092600 0.138500
0.121000 88.037400 0.134300
0.122000 87.932300 0.146000
0.123000 87.814200 0.141100
0.124000 87.714100 0.143900
0.125000 87.603500 0.151700
0.126000 87.605200 0.150700
0.127000 87.467500 0.144500
0.128000 87.352100 0.147400
0.129000 87.214300 0.154200
0.130000 87.179200 0.153800
0.131000 87.049000 0.158000
0.132000 86.945600 0.155700
0.133000 86.874700 0.163800
0.134000 86.806100 0.155900
0.135000 86.650000 0.159900
0.136000 86.528400 0.164800
0.137000 86.470900 0.166500
0.138000 86.325600 0.168100
0.139000 86.305200 0.167400
0.140000 86.176200 0.166900
0.141000 86.010500 0.170100
0.142000 86.015300 0.166300
0.143000 85.912300 0.177300
0.144000 85.806400 0.174500
0.145000 85.629400 0.170600
0.146000 85.608800 0.183300
0.147000 85.549700 0.185700
0.148000 85.387300 0.178300
0.149000 85.304300 0.187700
0.150000 85.189400 0.180000
0.151000 85.037100 0.189000
0.152000 84.890300 0.190000
0.153000 84.953000 0.184100
0.154000 84.786000 0.187500
0.155000 84.673500 0.191200
0.156000 84.648600 0.201900
0.157000 84.553900 0.195300
0.158000 84.394800 0.192600
0.159000 84.332300 0.197700
0.160000 84.268900 0.197900
0.161000 84.104100 0.204100
0.162000 84.058300 0.212600
0.163000 83.903000 0.211800
0.164000 83.850500 0.208500
0.165000 83.666800 0.208800
0.166000 83.572800 0.204100
0.167000 83.538600 0.204200
0.168000 83.369700 0.220800
0.169000 83.327100 0.214400
0.170000 83.292200 0.220800
0.171000 83.133700 0.224600
0.172000 83.067100 0.231200
0.173000 83.014500 0.217300
0.174000 82.836500 0.213900
0.175000 82.762900 0.222000
0.176000 82.640700 0.224100
0.177000 82.526600 0.224900
0.178000 82.332500 0.236700
0.179000 82.374300 0.225500
0.180000 82.164800 0.241000
0.181000 82.129000 0.230200
0.182000 82.090700 0.227700
0.183000 81.899500 0.248200
0.184000 81.809800 0.244800
0.185000 81.783600 0.249400
0.186000 81.616400 0.242300
0.187000 81.553400 0.257800
0.188000 81.440500 0.249500
0.189000 81.365600 0.254000
0.190000 81.307000 0.257300
0.191000 81.117600 0.265500
0.192000 81.044700 0.262700
0.193000 80.910100 0.256800
0.194000 80.905700 0.260200
0.195000 80.764000 0.250700
0.196000 80.630000 0.265900
0.197000 80.616600 0.268200
0.198000 80.493600 0.281800
0.199000 80.374200 0.284400
0.200000 80.306200 0.271300
0.201000 80.206800 0.276500
0.202000 80.029300 0.271800
0.203000 79.973300 0.269500
0.204000 79.806800 0.289100
0.205000 79.837000 0.283900
0.206000 79.619800 0.283100
0.207000 79.608100 0.293100
0.208000 79.427700 0.292800
0.209000 79.410600 0.279800
0.210000 79.322700 0.290300
0.211000 79.206300 0.297700
0.212000 79.063500 0.312900
0.213000 79.030400 0.301700
0.214000 78.926300 0.304800
0.215000 78.746600 0.308000
0.216000 78.661600 0.301000
0.217000 78.642800 0.322000
0.218000 78.499700 0.315200
0.219000 78.486500 0.313300
0.220000 78.336500 0.319400
0.221000 78.249400 0.314000
0.222000 78.113100 0.319600
0.223000 78.046300 0.319200
0.224000 77.897300 0.335600
0.225000 77.839600 0.322300
0.226000 77.725500 0.337900
0.227000 77.589000 0.322900
0.228000 77.544400 0.331400
0.229000 77.472600 0.328600
0.230000 77.265200 0.332900
0.231000 77.223200 0.338200
0.232000 77.137300 0.332000
0.233000 77.024000 0.344400
0.234000 77.024900 0.346300
0.235000 76.894600 0.345600
0.236000 76.731700 0.355100
0.237000 76.619700 0.360200
0.238000 76.572600 0.372600
0.239000 76.443000 0.354600
0.240000 76.363500 0.364100
0.241000 76.361600 0.379800
0.242000 76.140700 0.374600
0.243000 76.072900 0.359800
0.244000 75.981400 0.373500
0.245000 75.810300 0.373300
0.246000 75.760400 0.395400
0.247000 75.630800 0.390900
0.248000 75.572400 0.384300
0.249000 75.494300 0.378300
0.250000 75.407900 0.398400
0.251000 75.272700 0.390600
0.252000 75.133900 0.392700
0.253000 75.057200 0.395400
0.254000 75.053400 0.408700
0.255000 74.942800 0.413600
0.256000 74.755300 0.394100
0.257000 74.628000 0.424700
0.258000 74.599500 0.414900
0.259000 74.538200 0.421600
0.260000 74.398900 0.420800
0.261000 74.380600 0.411000
0.262000 74.295300 0.421800
0.263000 74.143700 0.411200
0.264000 74.018500 0.435100
0.265000 73.915700 0.423800
0.266000 73.888500 0.446700
0.267000 73.767300 0.446200
0.268000 73.723400 0.445500
0.269000 73.519500 0.431900
0.270000 73.495800 0.445600
0.271000 73.346100 0.467100
0.272000 73.181300 0.456200
0.273000 73.212300 0.451200
0.274000 73.174700 0.454600
0.275000 72.942300 0.463600
0.276000 72.914900 0.475400
0.277000 72.758400 0.466400
0.278000 72.623800 0.455200
0.279000 72.595700 0.484600
0.280000 72.428700 0.457800
0.281000 72.413500 0.459600
0.282000 72.276300 0.461900
0.283000 72.160800 0.466700
0.284000 72.113800 0.487800
0.285000 72.019400 0.492900
0.286000 71.878400 0.501300
0.287000 71.743200 0.503600
0.288000 71.755700 0.514900
0.289000 71.515500 0.502500
0.290000 71.595700 0.512900
0.291000 71.491200 0.540100
0.292000 71.324600 0.519000
0.293000 71.346900 0.519200
0.294000 71.042300 0.522800
0.295000 70.991500 0.530700
0.296000 70.886100 0.536900
0.297000 70.764700 0.518500
0.298000 70.702400 0.543200
0.299000 70.706800 0.545900
0.300000 70.533100 0.530300
0.301000 70.518600 0.569700
0.302000 70.353200 0.552300
0.303000 70.228300 0.539400
0.304000 70.096800 0.555700
0.305000 70.076500 0.536000
0.306000 69.947100 0.568300
0.307000 69.890500 0.557100
0.308000 69.742800 0.558800
0.309000 69.674900 0.588800
0.310000 69.549600 0.579800
0.311000 69.543700 0.594200
0.312000 69.438700 0.596400
0.313000 69.315800 0.588400
0.314000 69.306800 0.619700
0.315000 69.129400 0.581100
0.316000 68.952300 0.592200
0.317000 68.952200 0.602500
0.318000 68.805200 0.600000
0.319000 68.829400 0.600100
0.320000 68.655200 0.614900
0.321000 68.550000 0.630500
0.322000 68.508400 0.627600
0.323000 68.364100 0.616300
0.324000 68.202800 0.642500
0.325000 68.181300 0.637900
0.326000 68.030000 0.611100
0.327000 67.851800 0.640200
0.328000 67.879400 0.646800
0.329000 67.741200 0.652500
0.330000 67.704000 0.644700
0.331000 67.651000 0.669100
0.332000 67.352300 0.656100
0.333000 67.380700 0.678000
0.334000 67.234100 0.689600
0.335000 67.211200 0.716400
0.336000 67.071700 0.697200
0.337000 66.976300 0.705700
0.338000 66.975100 0.702100
0.339000 66.841200 0.724000
0.340000 66.702600 0.692300
0.341000 66.637900 0.753400
0.342000 66.542100 0.728400
0.343000 66.388200 0.733300
0.344000 66.385900 0.720900
0.345000 66.228200 0.741900
0.346000 66.125400 0.745300
0.347000 66.071800 0.774100
0.348000 65.922600 0.773900
0.349000 65.846300 0.764600
0.350000 65.745700 0.765200
0.351000 65.673500 0.785700
0.352000 65.527400 0.756000
0.353000 65.476000 0.828400
0.354000 65.346400 0.813100
0.355000 65.242500 0.762700
0.356000 65.203300 0.807300
0.357000 65.090100 0.804100
0.358000 65.008600 0.793400
0.359000 64.915300 0.764900
0.360000 64.777100 0.841100
0.361000 64.658800 0.814600
0.362000 64.629600 0.831200
0.363000 64.596700 0.862300
0.364000 64.498300 0.860800
0.365000 64.338300 0.845600
0.366000 64.307100 0.868200
0.367000 64.155500 0.850700
0.368000 64.073000 0.857000
0.369000 63.964000 0.855700
0.370000 63.962200 0.927500
0.371000 63.819200 0.929400
0.372000 63.747800 0.914600
0.373000 63.621300 0.925600
0.374000 63.565100 0.885400
0.375000 63.455000 0.896100
0.376000 63.297400 0.917300
0.377000 63.135800 0.921600
0.378000 63.160500 0.895100
0.379000 63.054900 0.973100
0.380000 62.922800 0.928000
0.381000 62.885500 0.950800
0.382000 62.756800 0.973000
0.383000 62.692300 0.979900
0.384000 62.597500 0.973400
0.385000 62.516000 1.030700
0.386000 62.360400 0.925200
0.387000 62.331400 0.998600
0.388000 62.216200 1.018300
0.389000 62.085400 1.001000
0.390000 62.033800 1.042300
0.391000 62.010500 1.059800
0.392000 61.717600 1.025000
0.393000 61.776100 1.035000
0.394000 61.676700 1.055500
0.395000 61.682100 1.060400
0.396000 61.341000 1.040500
0.397000 61.369500 1.068300
0.398000 61.359700 1.133500
0.399000 61.261100 1.096200
0.400000 61.013400 1.135700
0.401000 61.016500 1.155900
0.402000 61.003600 1.144800
0.403000 60.880500 1.143500
0.404000 60.808700 1.188400
0.405000 60.686100 1.170500
0.406000 60.524800 1.153600
0.407000 60.398200 1.119600
0.408000 60.420500 1.251200
0.409000 60.324800 1.204800
0.410000 60.171300 1.150100
0.411000 60.118600 1.221900
0.412000 59.970400 1.191700
0.413000 59.995600 1.275300
0.414000 59.874100 1.305200
0.415000 59.777400 1.235800
0.416000 59.697900 1.307100
0.417000 59.656700 1.329100
0.418000 59.442500 1.278900
0.419000 59.308000 1.260500
0.420000 59.316400 1.343800
0.421000 59.291600 1.335200
0.422000 58.980200 1.308200
0.423000 58.973300 1.338800
0.424000 58.956200 1.356200
0.425000 58.905600 1.458000
0.426000 58.773900 1.440000
0.427000 58.723300 1.396200
0.428000 58.568800 1.442400
0.429000 58.398200 1.408400
0.430000 58.435400 1.346400
0.431000 58.272500 1.424200
0.432000 58.267400 1.453900
0.433000 58.196500 1.454500
0.434000 58.087600 1.509200
0.435000 58.005500 1.478400
0.436000 57.975300 1.535900
0.437000 57.674100 1.463600
0.438000 57.745300 1.481200
0.439000 57.720200 1.561800
0.440000 57.542700 1.599300
0.441000 57.430800 1.604800
0.442000 57.334900 1.545000
0.443000 57.218800 1.580200
0.444000 57.203900 1.580700
0.445000 57.111300 1.598100
0.446000 57.048700 1.601500
0.447000 57.052100 1.693700
0.448000 56.929400 1.740000
0.449000 56.753800 1.726100
0.450000 56.786400 1.713600
0.451000 56.473700 1.655000
0.452000 56.566300 1.747300
0.453000 56.362600 1.752200
0.454000 56.401300 1.777600
0.455000 56.115700 1.691600
0.456000 56.185800 1.814000
0.457000 56.183400 1.888400
0.458000 55.975600 1.796600
0.459000 55.936700 1.897900
0.460000 55.837400 1.834400
0.461000 55.840100 1.931000
0.462000 55.674600 1.944900
0.463000 55.690000 2.001000
0.464000 55.671500 2.032300
0.465000 55.524100 2.080200
0.466000 55.409000 1.985900
0.467000 55.346000 2.067300
0.468000 55.332800 2.059200
0.469000 55.051500 2.072300
0.470000 55.187000 2.215600
0.471000 54.930400 2.044200
0.472000 54.933000 2.168400
0.473000 54.822100 2.133600
0.474000 54.685200 2.187900
0.475000 54.789300 2.263500
0.476000 54.745500 2.247700
0.477000 54.598000 2.220800
0.478000 54.438200 2.208500
0.479000 54.320200 2.271400
0.480000 54.346400 2.435500
0.481000 54.327400 2.415200
0.482000 54.205100 2.429100
0.483000 54.178200 2.387700
0.484000 54.203100 2.622800
0.485000 54.027500 2.556700
0.486000 53.684200 2.299000
0.487000 53.971600 2.625500
0.488000 53.760200 2.530400
0.489000 53.680700 2.513400
0.490000 53.455700 2.461800
0.491000 53.537600 2.699300
0.492000 53.479900 2.672200
0.493000 53.515400 2.757100
0.494000 53.271900 2.627700
0.495000 53.378000 2.899300
0.496000 53.164900 2.813000
0.497000 53.185600 2.915600
0.498000 52.936900 2.817800
0.499000 53.019400 2.965500
0.500000 52.887100 2.882200
0.501000 52.891700 2.947600
0.502000 52.843300 3.044600
0.503000 52.864200 3.264800
0.504000 52.857400 3.232100
0.505000 52.617200 3.109900
0.506000 52.679000 3.252300
0.507000 52.610100 3.375000
0.508000 52.679100 3.481000
0.509000 52.607100 3.498000
0.510000 52.363500 3.313200
0.511000 52.240600 3.305100
0.512000 52.431300 3.644100
0.513000 52.489100 3.878400
0.514000 52.177000 3.525900
0.515000 52.324900 3.888800
0.516000 52.187400 3.757200
0.517000 52.160400 3.894300
0.518000 51.960200 3.770200
0.519000 52.106300 4.016900
0.520000 51.998200 4.031500
0.521000 52.043500 4.157100
0.522000 51.648700 3.918400
0.523000 52.080600 4.443500
0.524000 51.992800 4.382100
0.525000 51.850400 4.345600
0.526000 52.284100 4.906300
0.527000 51.796400 4.479100
0.528000 51.665800 4.473400
0.529000 51.549700 4.412800
0.530000 52.106900 5.088200
0.531000 51.889400 5.043500
0.532000 51.671600 4.876200
0.533000 51.244100 4.508100
0.534000 51.723900 5.184700
0.535000 51.848200 5.351900
0.536000 52.006900 5.602100
0.537000 52.121400 5.843600
0.538000 51.285800 5.059100
0.539000 51.704500 5.664500
0.540000 51.551400 5.555500
0.541000 51.502300 5.583800
0.542000 51.752800 5.914500
0.543000 52.541300 6.843500
0.544000 52.035200 6.431400
0.545000 51.649900 6.083800
0.546000 52.418300 7.082900
0.547000 52.103400 6.890500
0.548000 52.263900 7.104400
0.549000 51.860900 6.676300
0.550000 52.932300 7.920400
0.551000 52.436500 7.584500
0.552000 53.391100 8.583600
0.553000 53.287700 8.599800
0.554000 52.968000 8.392400
0.555000 52.722500 8.151800
0.556000 53.025800 8.596000
0.557000 53.466000 9.244600
0.558000 53.929100 9.772100
0.559000 53.744300 9.638500
0.560000 53.438100 9.422900
0.561000 54.805000 10.918600
0.562000 55.252000 11.445900
0.563000 54.593700 10.951600
0.564000 54.387500 10.791500
0.565000 56.338000 12.879400
0.566000 54.713700 11.287400
0.567000 53.923600 10.565300
0.568000 57.316700 14.213600
0.569000 56.725100 13.611300
0.570000 55.727100 12.724800
0.571000 57.214400 14.398900
0.572000 56.726400 13.940200
0.573000 57.291400 14.544900
0.574000 56.487500 13.878700
0.575000 57.013300 14.647000
0.576000 58.196200 15.760600
0.577000 58.593800 16.373900
0.578000 60.625800 18.478900
0.579000 60.242700 18.141800
0.580000 61.775500 19.840500
0.581000 60.019600 18.050700
0.582000 61.124600 19.266500
0.583000 61.612500 19.957200
0.584000 64.633200 23.047800
0.585000 63.643000 22.091500
0.586000 64.043300 22.615700
0.587000 62.345000 21.027600
0.588000 67.089500 25.843300
0.589000 68.039500 26.959400
0.590000 66.408700 25.427200
0.591000 66.553400 25.606300
0.592000 67.699800 26.869600
0.593000 69.126000 28.384600
0.594000 71.668800 31.091800
0.595000 71.845800 31.244500
0.596000 70.363800 29.901800
0.597000 72.430000 32.165800
0.598000 73.839000 33.591700
0.599000 75.307800 35.238200
0.600000 75.171200 35.174800
0.601000 78.264300 38.359900
0.602000 77.911600 38.142700
0.603000 78.130000 38.496700
0.604000 78.877900 39.290400
0.605000 80.322300 40.793400
0.606000 80.432000 41.034900
0.607000 80.909300 41.583800
0.608000 80.927000 41.756900
0.609000 82.035800 42.990200
0.610000 82.907700 43.906900
0.611000 83.925200 45.129600
0.612000 83.061500 44.369700
0.613000 84.540400 45.862800
0.614000 86.090800 47.446000
0.615000 86.842500 48.387400
0.616000 86.398200 47.999900
0.617000 87.880400 49.590500
0.618000 88.304300 50.139000
0.619000 87.377800 49.187300
0.620000 87.488400 49.495100
0.621000 89.603400 51.725400
0.622000 88.403800 50.524700
0.623000 89.557700 51.896800
0.624000 90.377400 52.770200
0.625000 90.481800 53.080300
0.626000 90.998400 53.630000
0.627000 90.535800 53.125500
0.628000 90.879300 53.724100
0.629000 91.552600 54.409700
0.630000 91.895400 54.948100
0.631000 91.515600 54.609700
0.632000 93.121900 56.275200
0.633000 93.417800 56.869900
0.634000 92.887000 56.180000
0.635000 93.811100 57.319600
0.636000 93.614500 57.303300
0.637000 93.484700 57.221600
0.638000 93.986700 57.743200
0.639000 93.871300 57.743400
0.640000 94.103000 58.018200
0.641000 94.665400 58.778200
0.642000 93.900100 58.052300
0.643000 94.561300 58.867900
0.644000 94.903500 59.447200
0.645000 95.018800 59.504200
0.646000 94.854000 59.368800
0.647000 95.155100 59.864500
0.648000 95.301500 60.060000
0.649000 95.642500 60.652800
0.650000 95.682900 60.649700
0.651000 95.632900 60.728500
0.652000 95.774300 61.030700
0.653000 95.747900 61.010800
0.654000 95.922700 61.267600
0.655000 95.691400 61.169700
0.656000 95.879600 61.383200
0.657000 96.416200 62.208800
0.658000 96.469700 62.245900
0.659000 96.377300 62.254200
0.660000 96.736600 62.774500
0.661000 96.389000 62.507200
0.662000 96.557800 62.719800
0.663000 96.674300 62.976200
0.664000 96.618600 62.977000
0.665000 96.897400 63.337700
0.666000 96.737300 63.341200
0.667000 96.869300 63.680900
0.668000 97.153400 63.955600
0.669000 97.118200 64.030000
0.670000 97.218600 64.213100
0.671000 97.195900 64.357100
0.672000 97.271200 64.359800
0.673000 97.279400 64.632400
0.674000 97.406200 64.780000
0.675000 97.577400 65.166200
0.676000 97.547300 65.230300
0.677000 97.533300 65.209100
0.678000 97.633800 65.366900
0.679000 97.576300 65.416300
0.680000 97.695800 65.567200
0.681000 97.773600 65.845000
0.682000 97.815100 65.983500
0.683000 97.927600 66.267600
0.684000 97.874900 66.307900
0.685000 97.944000 66.470000
0.686000 97.957600 66.562100
0.687000 98.009800 66.668500
0.688000 98.076600 66.882700
0.689000 98.084700 66.932800
0.690000 98.144000 67.117900
0.691000 98.210700 67.298500
0.692000 98.212100 67.362200
0.693000 98.196100 67.474500
0.694000 98.219500 67.595000
0.695000 98.284100 67.737500
0.696000 98.387400 67.988300
0.697000 98.362000 68.126900
0.698000 98.340000 68.094600
0.699000 98.371700 68.244900
0.700000 98.437200 68.429600
0.701000 98.456400 68.518700
0.702000 98.505700 68.691300
0.703000 98.594800 68.891900
0.704000 98.514100 68.839000
0.705000 98.614400 69.103600
0.706000 98.661700 69.232500
0.707000 98.657400 69.388100
0.708000 98.656000 69.504000
0.709000 98.694400 69.587000
0.710000 98.810500 69.888900
0.711000 98.762700 69.812600
0.712000 98.772500 70.033300
0.713000 98.877400 70.211900
0.714000 98.884800 70.301900
0.715000 98.895900 70.425600
0.716000 98.860900 70.456400
0.717000 98.916100 70.684700
0.718000 98.905300 70.657800
0.719000 98.947600 70.843300
0.720000 98.959400 70.944100
0.721000 99.015700 71.151200
0.722000 99.010900 71.214900
0.723000 98.995000 71.294500
0.724000 99.021200 71.458000
0.725000 99.079600 71.595500
0.726000 99.041700 71.599300
0.727000 99.123100 71.855200
0.728000 99.106700 71.932400
0.729000 99.079800 71.920500
0.730000 99.162300 72.268400
0.731000 99.152100 72.222900
0.732000 99.201600 72.420100
0.733000 99.227100 72.510300
0.734000 99.257900 72.681100
0.735000 99.200400 72.718300
0.736000 99.233400 72.860500
0.737000 99.251400 72.971900
0.738000 99.273700 73.042500
0.739000 99.275100 73.250200
0.740000 99.302400 73.342100
0.741000 99.315100 73.385500
0.742000 99.332600 73.557900
0.743000 99.325100 73.638300
0.744000 99.354500 73.653600
0.745000 99.354200 73.853600
0.746000 99.373300 74.015800
0.747000 99.383000 74.023400
0.748000 99.405700 74.203900
0.749000 99.378300 74.221500
0.750000 99.407300 74.347000
0.751000 99.431500 74.578700
0.752000 99.448600 74.605300
0.753000 99.438100 74.754400
0.754000 99.477200 74.853600
0.755000 99.467900 74.940100
0.756000 99.455300 75.055900
0.757000 99.519300 75.194100
0.758000 99.506900 75.317700
0.759000 99.536400 75.452900
0.760000 99.544500 75.643700
0.761000 99.528900 75.594200
0.762000 99.532500 75.759100
0.763000 99.538400 75.788400
0.764000 99.577500 76.032500
0.765000 99.568300 76.069000
0.766000 99.576400 76.239900
0.767000 99.586300 76.353200
0.768000 99.588200 76.368100
0.769000 99.587300 76.481100
0.770000 99.604000 76.574400
0.771000 99.610500 76.743800
0.772000 99.619400 76.856300
0.773000 99.642500 76.969500
0.774000 99.640000 77.095200
0.775000 99.661400 77.114000
0.776000 99.666500 77.250200
0.777000 99.661300 77.347700
0.778000 99.666400 77.502100
0.779000 99.692600 77.604900
0.780000 99.693800 77.626100
0.781000 99.691800 77.746500
0.782000 99.689000 77.893800
0.783000 99.701300 77.960300
0.784000 99.715400 78.050200
0.785000 99.710200 78.127000
0.786000 99.721800 78.246200
0.787000 99.734200 78.460100
0.788000 99.732400 78.556100
0.789000 99.738000 78.648300
0.790000 99.741600 78.736800
0.791000 99.750200 78.816400
0.792000 99.761400 78.936600
0.793000 99.765000 79.043200
0.794000 99.763300 79.145800
0.795000 99.764400 79.311200
0.796000 99.783100 79.397300
0.797000 99.774500 79.502700
0.798000 99.775800 79.522200
0.799000 99.779100 79.621800
0.800000 99.791300 79.806200
0.801000 99.794900 79.878200
0.802000 99.807000 80.034200
0.803000 99.812600 80.113400
0.804000 99.820000 80.233100
0.805000 99.812800 80.245000
0.806000 99.799500 80.431700
0.807000 99.815700 80.546300
0.808000 99.814300 80.627900
0.809000 99.826700 80.729100
0.810000 99.848700 80.853400
0.811000 99.837600 80.900000
0.812000 99.835400 81.048500
0.813000 99.846000 81.140900
0.814000 99.850600 81.276700
0.815000 99.854100 81.301100
0.816000 99.852900 81.409200
0.817000 99.858500 81.619700
0.818000 99.865100 81.677100
0.819000 99.868300 81.827100
0.820000 99.864100 81.855900
0.821000 99.869300 81.911800
0.822000 99.885200 82.133500
0.823000 99.875600 82.176500
0.824000 99.883600 82.283500
0.825000 99.874600 82.320700
0.826000 99.892100 82.559700
0.827000 99.889800 82.604700
0.828000 99.889700 82.676400
0.829000 99.897100 82.770600
0.830000 99.891700 82.957600
0.831000 99.897800 83.028500
0.832000 99.908700 83.134600
0.833000 99.900700 83.203300
0.834000 99.903000 83.288700
0.835000 99.906300 83.373300
0.836000 99.914600 83.516600
0.837000 99.910200 83.685900
0.838000 99.915000 83.754300
0.839000 99.916900 83.810300
0.840000 99.913400 83.951500
0.841000 99.920300 83.986300
0.842000 99.923700 84.128200
0.843000 99.920700 84.282400
0.844000 99.931200 84.324400
0.845000 99.927100 84.455600
0.846000 99.930500 84.517400
0.847000 99.932200 84.654600
0.848000 99.936000 84.677800
0.849000 99.938200 84.840000
0.850000 99.939200 84.914900
0.851000 99.939900 85.022000
0.852000 99.946600 85.178000
0.853000 99.941300 85.254900
0.854000 99.942500 85.279500
0.855000 99.941700 85.439700
0.856000 99.946600 85.506800
0.857000 99.948600 85.647500
0.858000 99.948400 85.701100
0.859000 99.945800 85.823900
0.860000 99.948200 85.938700
0.861000 99.954900 86.080000
0.862000 99.955500 86.138800
0.863000 99.954200 86.247900
0.864000 99.955700 86.414600
0.865000 99.956200 86.454800
0.866000 99.959100 86.557000
0.867000 99.961000 86.653900
0.868000 99.963100 86.727900
0.869000 99.961500 86.844600
0.870000 99.964500 86.971100
0.871000 99.963500 86.993200
0.872000 99.967700 87.166500
0.873000 99.969900 87.264900
0.874000 99.966900 87.400900
0.875000 99.970100 87.438900
0.876000 99.971500 87.518600
0.877000 99.967900 87.699500
0.878000 99.968600 87.752900
0.879000 99.970700 87.913600
0.880000 99.974200 88.021300
0.881000 99.974200 88.113700
0.882000 99.974800 88.182800
0.883000 99.978100 88.264100
0.884000 99.976000 88.404100
0.885000 99.977700 88.474800
0.886000 99.979600 88.620000
0.887000 99.975800 88.693900
0.888000 99.981800 88.747600
0.889000 99.977900 88.863600
0.890000 99.980000 88.973900
0.891000 99.982100 89.038100
0.892000 99.981400 89.110100
0.893000 99.983000 89.280900
0.894000 99.983000 89.343600
0.895000 99.983000 89.507800
0.896000 99.985700 89.572200
0.897000 99.988000 89.657600
0.898000 99.986800 89.793300
0.899000 99.988200 89.847400
0.900000 99.988000 89.980500
0.901000 99.988000 90.104200
0.902000 99.986800 90.160600
0.903000 99.989500 90.278400
0.904000 99.990600 90.422000
0.905000 99.988700 90.461800
0.906000 99.988500 90.566300
0.907000 99.989500 90.699900
0.908000 99.989100 90.779200
0.909000 99.991500 90.899300
0.910000 99.993000 90.972600
0.911000 99.991100 91.065900
0.912000 99.993300 91.190400
0.913000 99.993400 91.211500
0.914000 99.993900 91.413700
0.915000 99.992600 91.501300
0.916000 99.994300 91.621800
0.917000 99.993900 91.713100
0.918000 99.993300 91.756100
0.919000 99.996200 91.877500
0.920000 99.994700 92.002800
0.921000 99.994600 92.113000
0.922000 99.994300 92.196300
0.923000 99.992900 92.296500
0.924000 99.995500 92.411600
0.925000 99.996200 92.522400
0.926000 99.996300 92.614200
0.927000 99.994600 92.685900
0.928000 99.996700 92.811300
0.929000 99.997500 92.913000
0.930000 99.996400 92.986300
0.931000 99.997200 93.142500
0.932000 99.997100 93.186600
0.933000 99.996900 93.257800
0.934000 99.997800 93.382400
0.935000 99.998500 93.495500
0.936000 99.997700 93.620300
0.937000 99.997300 93.725300
0.938000 99.997800 93.796900
0.939000 99.997100 93.879500
0.940000 99.999000 93.994700
0.941000 99.998500 94.092100
0.942000 99.998300 94.218200
0.943000 99.998300 94.320300
0.944000 99.998900 94.424500
0.945000 99.998400 94.516400
0.946000 99.998700 94.583600
0.947000 99.998000 94.710500
0.948000 99.999400 94.809700
0.949000 99.999200 94.911200
0.950000 99.999400 95.016700
0.951000 99.999100 95.101900
0.952000 99.999500 95.169700
0.953000 99.999300 95.305900
0.954000 99.999600 95.401300
0.955000 99.998900 95.536900
0.956000 99.999000 95.639000
0.957000 99.999900 95.662800
0.958000 99.999500 95.792700
0.959000 99.999600 95.906300
0.960000 99.999800 95.990400
0.961000 99.999200 96.127600
0.962000 99.999700 96.171000
0.963000 99.999500 96.311900
0.964000 99.999700 96.362600
0.965000 100.000000 96.529100
0.966000 99.999700 96.604200
0.967000 99.999800 96.716800
0.968000 99.999900 96.815200
0.969000 99.999600 96.898800
0.970000 99.999900 97.010600
0.971000 99.999900 97.119400
0.972000 99.999900 97.194200
0.973000 100.000000 97.271200
0.974000 100.000000 97.406400
0.975000 100.000000 97.499700
0.976000 100.000000 97.592500
0.977000 100.000000 97.696200
0.978000 99.999800 97.789300
0.979000 100.000000 97.889800
0.980000 100.000000 98.014500
0.981000 100.000000 98.102700
0.982000 99.999800 98.221000
0.983000 100.000000 98.297300
0.984000 100.000000 98.397300
0.985000 100.000000 98.493700
0.986000 100.000000 98.614900
0.987000 100.000000 98.678600
0.988000 100.000000 98.806600
0.989000 100.000000 98.904700
0.990000 100.000000 99.003800
0.991000 100.000000 99.095700
0.992000 100.000000 99.201100
0.993000 100.000000 99.294200
0.994000 100.000000 99.412200
0.995000 100.000000 99.495200
0.996000 100.000000 99.611000
0.997000 100.000000 99.692000
0.998000 100.000000 99.796800
0.999000 100.000000 99.894300
1.000000 100.000000 100.000000
