756483921934162578281975634542719386817356492369824715198547263675231849423698157
165972834748365912293814567439627158872159643516483729981246375327591486654738291
253786941986541723174392658391857462842169375567234819729418536438625197615973284
672983451951476823384215976468159237295738614137642589843567192719824365526391748
672983451951476823384215976468159237295738614137642589843597162716824395529361748
952637841768491523134825976543169287871542639296783415489376152617254398325918764
853627941769481523124935876548162397971543682236798415492376158617854239385219764
258637941769481523134925876542168397971543682386792415493276158617854239825319764
469823751851697423732145986573281694184569237296734518945316872618972345327458169
962783451751469823384125967548276139193548672627931548879354216436812795215697384
362789451759461823184325967548276319913548672627193548871954236436812795295637184
362789451759461823184325967548276139931548672627913548873154296496832715215697384
846921753123675984579834612962583147457216398381497526694752831235168479718349265
796485321458132976213679845139758462827346159564921738942517683675893214381264597
352679841786142935194835276649321758835794612217586394963418527428957163571263489
691782345547369812283145796938621574124573689765894123852937461416258937379416258
691782354457369812283145796938621475124573689765894123842937561316258947579416238
679354812123987456845126739364519287592768143718432695487695321936241578251873964
658941372973256418241783956812467593496538127735129864589674231327815649164392785
658921734947386512213745896132657948764819325895234167371562489586493271429178653
648921753957386412213745896132657948764819325895234167371462589486593271529178634
128547639345869217679213548912486375784352196536791482891624753467935821253178964
152934687763821549984567321618493275375182496249756813521378964436219758897645132
152678943864391752973245681215763894497582136638914527321856479549127368786439215
125976348369428517784351926253817694416293875897645132978532461631784259542169783
124597368369428517587361924293815746416273895875946132958632471631784259742159683
129576348376428519584391627293815764417263895865749132958632471731984256642157983
962314857134587269578296413847962531651873942329145786285639174793451628416728395
152398647973641285864572931598714362247936158316285794725463819431829576689157423
137926485964587231825341967241895673673412598589673142758164329396258714412739856
384591672926478135157632498239867541871254369465913287743185926592746813618329754
123456789456789123798213654219374865645928317837561492382697541571842936964135278
269314785548769231731852649126437958895621473374985126457193862983246517612578394
124597863937648215856231749513786492482913657769425138698374521341852976275169384
162857493534129678789643521475312986913586742628794135356478219241935867897261354
162857493534129678789643521475312986913586742628794135356478219241935867897261354
123456789649837251857291634274518963398672415561943827416725398985364172732189546
152738946864291375973645281216357498348912567597486123421863759639574812785129634
283741596615239748974865321397126854861453972452978613528394167736512489149687235
287635419153429867649187523512863794364972185798541236825796341931254678476318952
427593186315862479968174325659328714731649852284751963593287641842916537176435298
925371486163498725874562391542689137618753942739124658487915263351246879296837514
924361758156478293837592641613247985749185326582936174498623517371859462265714839
123759486874261593965384721216543978357896142498127365532478619641932857789615234
273681495891754263546392178169537824485269731327148956734916582958423617612875349
132479658847563291956281347413725869528196473769348125271854936394617582685932714
249865173531974268867132495423786519986251347715349826692518734354627981178493652
126478593837592461945361278412937856569184732783256914251649387374815629698723145
967823415315947826482165937796284153231659784854371692573498261649512378128736549
126437958895621473374985126457193862983246517612578394269314785548769231731852649
126739845847625391935481762213864579654973218798512436361248957489157623572396184
124397856835641297967825341241538769583769412679412538312974685498256173756183924
659412378238679451741385296865723149427891635913546782396157824574268913182934567
742835691539461287186972543618293754257684319394157862825349176971526438463718925
132749685857361924964285371216457839348692157579813246421536798683974512795128463
345671298987253146621984573264795831573816429198432657836529714712348965459167382
236541879781396542495827631528973416143682957967154328312468795654719283879235164
356871294972643851841952736213465987794318625685297413128736549569184372437529168
127365489853491276964278351231756894548932617679184523312547968485619732796823145
385621497179584326426739518762395841534812769891476253917253684243168975658947132
354186927298743615167952483481527369932614578576398241729865134845231796613479852
718435692963278541254961378547612839192387456386549127675893214421756983839124765
253871649917426538486953712621784395539162874874395261762519483398247156145638927
961257843378614592245839716192563478684721935537948621416395287723486159859172364
265389471874251693193647852327894165946125387518763249631578924452916738789432516
538219746962874531174356298283497615741568329695123874329645187857931462416782953
475691328961832745823754196259143687347586219618927534534269871796318452182475963
458276931623891475197534286371452698269783154845169327712948563986315742534627819
842359167573186942619274538127865394435791286968423715781942653354617829296538471
417369528839125746652748319925837461741956832386412957294683175573291684168574293
143587962852496731976321584214675398635819427789243615321764859468952173597138246
496573128381924675275861943153789462962435781847216539714352896529648317638197254
947326581852491673136587942284735169693812457715649238579168324328954716461273895
947628351863751492125349678734895126589162734612473985478236519256917843391584267
947582361863471952152639784624813579738295416519764823285946137396157248471328695
487312695593684271126597384735849162914265837268731549851476923379128456642953718
417369825638125947952748316825437169791856432346912758284693571573281694169574283
417369825632158947958724316825437169791586432346912758289643571573291684164875293
872459631154683972963721485216834759549217368738596124481362597627945813395178246
748591326195623847263487519421936758356874291987152634832749165679215483514368972
652481937834679152971325864467812593315794628298563471186937245523146789749258316
527316489896542731314987562172453896689271354453698217941825673765134928238769145
152946837963587421847231695574863912289415763631729548796152384415398276328674159
416837529982465371735129468571298643293746185864351297647913852359682714128574936
476529183895173624321864795517398246289645371634712958752431869168957432943286517
538127946624839751719645382965314827381762594247598163493281675856473219172956438
746513892132869754598742316367925481925481673481637925679154238254378169813296547
956327841127486395834951267548739612271864539369215478793548126415692783682173954
145327698839654127672918543496185372218473956753296481367542819984761235521839764
836521947142379586975648321364892715259167438781435269598214673413756892627983154
946731582157248639832659471719423865584976123623815947461397258398562714275184396
624578139135496827789123456216385794857964213493217685942651378568732941371849562
935748621876231594124695783512469378643872915789153462267514839491386257358927146
856491372143572698927368451278645139514923786639817245361789524485236917792154863
135426987846957321927381465213748659598163742674295813351674298482539176769812534
682154379951763842374892165437528916816937254295416738568271493729345681143689527
682153479951764832374892165437528916816947253295316748568271394729435681143689527
654312879913876452827495136742638591165729384398541627286157943471983265539264718
615382479943765812827491536752634198168279354394518627286157943579843261431926785
618342579943765182527891436752634891861279354394518627286157943179483265435926718
614382579953764812827591436742635198168279354395418627286157943579843261431926785
957261384846537921123489567734926815295814736618375492572198643481653279369742158
863521794127496853954387621645839172739142568281765439498653217512974386376218945
869574132124396758375128694932857416541632879786941325217469583493785261658213947
937658241864291735125734986583419627649372518712586493471963852396825174258147369
318456792659217438274938561945162387723584619186793254491325876562879143837641925
618459723342867519579123468296534187784291635153786294927648351861375942435912876
864713592712956483395482176237891645459267318681345927928534761143678259576129834
617459823248736915539128467982564371374291586156873294823647159791385642465912738
625178943948326157371945862257619384463587291189432576792863415516294738834751629
349526871521897643876413529718369254465281397932745186654178932187932465293654718
796152384531468927428379651152634798384791265967285143219843576645917832873526419
143258679872964153695137482986541327451372968237896514719623845564789231328415796
594876123823914756617235894965421378781653942342798561159342687436587219278169435
798635421126974583453218679972586314564123897381497256617352948835749162249861735
932475861617928534845613279568741392429836715173259648356192487294387156781564923
957638421146729385832541679419352768628417953375986142791265834583174296264893517
945671283136482597827593461614837952798125346253964178362759814581246739479318625
132467895957381246864529731429673158578912364613854972385296417241735689796148523
723469851651238794894715632375691428912874365486523917248356179137982546569147283
724369851651248793893715642375691428912874365486523917238456179147982536569137284
253479861761238594894516732326791458915824376487653219548167923132985647679342185
254379861761248593893516742326791458915824376487653219538167924142985637679432185
783465219421973658965281734347128596198546327652397481216854973534719862879632145
812753649943682175675491283154237896369845721287169534521974368438526917796318452
781942365324576918659831724815723496936154872247698153578369241162487539493215687
518476239427359618963821574795248361832617945146935827379564182651782493284193756
986324157124759368537861429413285976695173284278946513342617895869532741751498632
859612437723854169164379528986147352375268914241593786432981675617425893598736241
863751294957432681124689573532976148619843725748125936386217459295364817471598362
748392165369514728125876943932147856687235419514689372853461297476923581291758634
351846729287319645694725183168534972725198364943267518516483297832971456479652831
792351648543786129681429537157648293924137865836295471368572914419863752275914386
387926415546813972192475836235749168961258743478631529754382691613597284829164357
219675843865439721743281596936512487157348962428967135382754619671893254594126378
964815237258637149317924658872159364495263781631478925783596412529341876146782593
215876943678394215349125876587432169463981752192657384826743591734519628951268437
963741258152398674874265391345872169218956743697134825721489536589623417436517982
498716523257839461136425987971382654684157392523694718765241839319578246842963175
174589362953261784862347951219673845387415296546928173628194537495732618731856429
364179825987524316512836947248915763653487291179263584426358179895741632731692458
