86263.80130630445 0 1 [670, 664, 663, 662, 658, 649, 641, 636, 606, 576, 580,
561, 541, 555, 556, 559, 570, 577, 599, 600, 610, 583, 578, 574, 588, 616,
611, 620, 589, 579, 534, 536, 566, 571, 601, 629, 612, 617, 621, 631, 632,
622, 613, 590, 584, 575, 557, 535, 522, 499, 489, 493, 492, 507, 498, 497,
478, 484, 479, 469, 464, 453, 461, 425, 442, 459, 475, 503, 511, 516, 525,
558, 550, 542, 538, 543, 526, 517, 508, 512, 518, 521, 519, 514, 500, 480,
472, 482, 471, 454, 448, 462, 420, 378, 401, 411, 356, 313, 325, 324, 321,
336, 337, 347, 352, 374, 373, 383, 386, 371, 400, 418, 452, 458, 513, 488,
491, 487, 502, 510, 547, 563, 585, 587, 603, 609, 615, 623, 618, 614, 630,
639, 642, 654, 657, 686, 690, 696, 714, 720, 719, 718, 730, 729, 732, 728,
727, 717, 700, 709, 712, 716, 726, 731, 725, 713, 724, 721, 715, 710, 705,
706, 701, 702, 699, 697, 698, 689, 685, 681, 673, 680, 676, 672, 688, 679,
683, 669, 675, 693, 723, 692, 733, 722, 711, 691, 651, 633, 666, 594, 564,
593, 607, 592, 548, 544, 545, 530, 539, 552, 565, 531, 523, 515, 481, 494,
466, 467, 414, 439, 460, 463, 451, 465, 455, 443, 426, 397, 406, 396, 395,
392, 402, 387, 384, 361, 348, 326, 360, 357, 317, 301, 296, 292, 284, 277,
308, 318, 314, 302, 278, 248, 220, 209, 203, 227, 281, 249, 253, 257, 274,
282, 307, 319, 306, 349, 353, 366, 365, 381, 398, 390, 393, 403, 424, 444,
427, 428, 419, 408, 388, 375, 376, 379, 382, 416, 404, 405, 372, 358, 362,
346, 332, 355, 310, 298, 289, 285, 286, 287, 258, 254, 272, 259, 231, 237,
216, 210, 201, 172, 176, 200, 197, 205, 215, 221, 213, 196, 192, 184, 187,
171, 157, 163, 143, 135, 115, 127, 101, 100, 93, 86, 105, 121, 128, 151, 147,
144, 140, 137, 102, 98, 95, 77, 63, 81, 96, 116, 129, 138, 154, 149, 158, 175,
166, 159, 155, 136, 130, 118, 111, 106, 110, 113, 87, 60, 58, 56, 51, 47, 34,
31, 29, 32, 36, 48, 41, 70, 64, 61, 69, 88, 89, 107, 103, 112, 131, 124, 97,
91, 68, 42, 38, 50, 59, 54, 37, 30, 28, 19, 13, 8, 12, 11, 22, 14, 9, 7, 3, 4,
6, 1, 0, 2, 5, 10, 21, 17, 15, 26, 35, 44, 45, 46, 76, 92, 83, 84, 78, 79, 80,
85, 90, 114, 126, 109, 108, 117, 132, 180, 191, 214, 195, 183, 170, 169, 186,
211, 194, 190, 189, 179, 168, 164, 161, 104, 72, 73, 74, 75, 66, 67, 57, 24,
20, 18, 16, 23, 25, 27, 33, 39, 40, 43, 49, 52, 53, 62, 71, 55, 65, 82, 94,
99, 122, 123, 120, 119, 125, 207, 244, 252, 236, 268, 261, 269, 262, 245, 212,
181, 208, 228, 239, 241, 247, 270, 256, 246, 255, 280, 288, 312, 316, 295,
294, 291, 330, 351, 380, 394, 423, 410, 446, 445, 450, 447, 438, 437, 391,
389, 364, 342, 311, 305, 293, 265, 264, 260, 300, 304, 331, 367, 363, 339,
335, 329, 334, 345, 344, 338, 327, 299, 229, 232, 234, 250, 242, 238, 223,
219, 226, 230, 243, 273, 283, 276, 266, 267, 271, 279, 251, 235, 233, 204,
146, 142, 150, 133, 139, 141, 156, 160, 162, 167, 178, 177, 199, 185, 198,
206, 188, 202, 174, 165, 148, 134, 153, 152, 145, 173, 182, 193, 217, 222,
224, 218, 225, 240, 263, 275, 303, 343, 354, 340, 350, 341, 333, 322, 309,
290, 297, 315, 323, 320, 328, 359, 368, 385, 413, 412, 422, 431, 433, 449,
483, 490, 504, 501, 486, 476, 456, 436, 430, 432, 429, 440, 473, 468, 470,
495, 527, 546, 553, 567, 595, 568, 602, 640, 660, 667, 678, 682, 674, 652,
655, 647, 635, 634, 638, 596, 581, 582, 586, 597, 625, 646, 648, 661, 656,
668, 659, 653, 637, 624, 619, 573, 562, 560, 549, 524, 520, 505, 509, 528,
506, 485, 474, 434, 399, 377, 369, 370, 407, 417, 409, 415, 421, 435, 441,
457, 477, 496, 533, 540, 551, 532, 529, 537, 554, 569, 572, 591, 598, 605,
608, 604, 628, 627, 626, 643, 644, 645, 650, 665, 671, 677, 684, 687, 694,
695, 703, 707, 708, 704]
