85730.1608650789 0 1 [343, 354, 340, 350, 341, 333, 322, 309, 290, 297, 315,
323, 320, 328, 338, 359, 368, 369, 377, 399, 434, 407, 417, 421, 415, 409,
367, 363, 339, 331, 335, 329, 334, 345, 370, 344, 327, 299, 283, 276, 304,
300, 279, 271, 267, 266, 273, 243, 238, 242, 250, 234, 232, 229, 206, 198,
185, 199, 223, 230, 226, 219, 204, 233, 235, 251, 260, 264, 265, 291, 294,
295, 316, 312, 337, 352, 347, 336, 321, 324, 325, 288, 280, 262, 269, 261,
268, 214, 195, 211, 236, 252, 244, 207, 125, 119, 120, 123, 122, 99, 104, 161,
164, 168, 179, 189, 190, 194, 186, 169, 170, 183, 191, 180, 132, 117, 109,
108, 57, 67, 66, 75, 74, 73, 72, 71, 62, 53, 43, 49, 52, 55, 65, 40, 27, 25,
23, 22, 28, 30, 37, 54, 59, 68, 50, 42, 38, 33, 39, 82, 94, 97, 91, 103, 70,
64, 41, 48, 61, 69, 88, 89, 111, 118, 107, 112, 130, 136, 139, 133, 131, 124,
142, 146, 150, 141, 156, 160, 162, 167, 178, 166, 177, 175, 159, 155, 158,
149, 188, 174, 165, 154, 138, 129, 116, 113, 110, 106, 87, 60, 58, 56, 51, 47,
36, 34, 32, 31, 29, 19, 13, 8, 12, 11, 14, 18, 20, 16, 9, 7, 3, 4, 6, 1, 10,
5, 2, 0, 15, 26, 17, 21, 24, 35, 44, 45, 46, 76, 92, 83, 84, 78, 79, 80, 85,
90, 114, 126, 181, 212, 208, 228, 245, 255, 246, 256, 239, 241, 247, 270, 313,
356, 378, 420, 448, 462, 472, 482, 480, 500, 519, 514, 512, 518, 521, 543,
542, 538, 526, 517, 508, 471, 454, 459, 442, 425, 411, 401, 374, 373, 383,
386, 371, 400, 394, 380, 364, 351, 330, 311, 293, 305, 342, 391, 389, 410,
423, 446, 445, 450, 447, 438, 437, 435, 441, 457, 474, 477, 496, 485, 506,
529, 537, 532, 533, 540, 551, 554, 569, 572, 591, 598, 605, 608, 604, 628,
627, 626, 624, 637, 619, 573, 562, 528, 509, 505, 520, 524, 549, 560, 582,
586, 597, 625, 648, 646, 656, 668, 659, 673, 681, 701, 702, 706, 713, 716,
712, 709, 700, 703, 695, 694, 687, 684, 677, 671, 665, 653, 650, 643, 644,
645, 657, 654, 642, 639, 630, 614, 618, 623, 615, 609, 603, 587, 585, 563,
547, 510, 502, 487, 491, 488, 458, 452, 418, 453, 461, 475, 511, 516, 525,
503, 489, 499, 493, 479, 469, 464, 478, 484, 492, 507, 498, 497, 534, 536,
522, 535, 557, 558, 550, 590, 613, 622, 632, 631, 621, 617, 575, 584, 612,
629, 601, 571, 566, 589, 620, 611, 616, 588, 579, 574, 578, 583, 610, 600,
599, 577, 556, 513, 541, 555, 559, 570, 561, 580, 576, 606, 636, 641, 649,
664, 670, 663, 658, 662, 686, 690, 696, 704, 707, 708, 714, 720, 719, 718,
717, 730, 729, 727, 728, 732, 731, 726, 725, 724, 721, 715, 710, 705, 699,
697, 698, 689, 685, 680, 676, 672, 661, 688, 679, 683, 669, 675, 674, 652,
655, 647, 635, 634, 638, 596, 581, 660, 667, 678, 682, 693, 723, 692, 733,
722, 711, 691, 640, 602, 568, 595, 567, 504, 501, 486, 476, 490, 483, 449,
431, 422, 413, 385, 412, 433, 456, 436, 430, 432, 429, 440, 416, 404, 405,
372, 382, 379, 376, 375, 388, 355, 349, 353, 366, 365, 348, 361, 384, 392,
395, 396, 406, 397, 381, 398, 390, 393, 403, 424, 419, 408, 428, 427, 444,
468, 473, 495, 470, 443, 455, 426, 465, 481, 515, 523, 531, 546, 527, 553,
651, 666, 633, 565, 594, 552, 564, 593, 607, 592, 548, 544, 545, 539, 530,
494, 466, 467, 460, 463, 451, 439, 414, 402, 387, 360, 357, 308, 317, 301,
296, 292, 284, 277, 278, 318, 326, 302, 314, 306, 319, 307, 310, 298, 287,
286, 289, 285, 282, 274, 257, 253, 249, 281, 248, 220, 209, 203, 213, 227,
221, 215, 205, 192, 196, 187, 184, 171, 157, 163, 143, 135, 197, 200, 258,
254, 237, 231, 224, 218, 222, 217, 216, 210, 201, 172, 176, 151, 147, 144,
140, 128, 127, 115, 101, 100, 93, 105, 121, 102, 98, 95, 86, 77, 63, 81, 96,
134, 148, 153, 152, 145, 137, 173, 182, 193, 202, 225, 240, 263, 275, 259,
272, 303, 332, 346, 362, 358]
