86220.75814639658 0 1 [162, 160, 156, 141, 136, 130, 118, 106, 111, 107, 112,
103, 70, 89, 88, 69, 56, 51, 61, 64, 48, 41, 37, 30, 19, 13, 8, 12, 11, 22,
23, 25, 27, 33, 39, 38, 28, 42, 50, 54, 59, 68, 82, 94, 99, 65, 55, 52, 49,
53, 62, 66, 57, 67, 75, 74, 73, 72, 71, 104, 122, 123, 120, 119, 125, 97, 91,
124, 131, 133, 139, 150, 142, 146, 204, 233, 235, 251, 260, 264, 207, 252,
291, 244, 265, 293, 305, 311, 342, 391, 389, 364, 330, 351, 380, 394, 400,
371, 316, 312, 295, 294, 268, 236, 211, 195, 186, 194, 190, 189, 179, 161,
164, 168, 169, 183, 170, 132, 117, 108, 109, 92, 84, 78, 83, 76, 45, 44, 35,
21, 24, 43, 40, 20, 18, 16, 14, 9, 7, 3, 4, 6, 1, 10, 5, 2, 0, 15, 17, 26, 46,
79, 80, 85, 90, 114, 126, 181, 212, 180, 191, 214, 261, 269, 262, 288, 280,
245, 255, 246, 256, 208, 228, 239, 241, 247, 270, 313, 325, 324, 321, 336,
337, 347, 352, 374, 373, 383, 386, 418, 425, 411, 401, 356, 378, 420, 462,
472, 482, 480, 500, 514, 519, 521, 518, 512, 508, 517, 526, 543, 538, 542,
550, 558, 590, 613, 622, 632, 631, 621, 617, 612, 629, 601, 571, 584, 575,
557, 535, 525, 516, 511, 471, 448, 454, 459, 442, 475, 503, 522, 493, 499,
489, 479, 469, 461, 453, 464, 478, 484, 492, 507, 498, 497, 534, 536, 566,
579, 589, 620, 611, 616, 588, 583, 574, 578, 610, 600, 599, 636, 641, 664,
670, 663, 662, 658, 649, 606, 576, 580, 570, 577, 556, 559, 555, 541, 561,
547, 563, 585, 587, 603, 609, 615, 623, 618, 630, 639, 642, 645, 644, 643,
650, 654, 657, 686, 690, 696, 695, 704, 703, 709, 712, 717, 707, 708, 714,
720, 719, 718, 730, 729, 727, 728, 732, 731, 726, 725, 724, 721, 715, 710,
705, 706, 713, 716, 701, 702, 699, 697, 698, 689, 685, 680, 676, 672, 688,
679, 683, 669, 655, 675, 652, 638, 634, 635, 647, 648, 646, 661, 656, 668,
659, 673, 681, 700, 694, 687, 684, 677, 671, 665, 653, 626, 624, 637, 619,
573, 625, 597, 586, 560, 549, 582, 596, 581, 568, 595, 602, 640, 660, 667,
674, 693, 682, 678, 692, 723, 733, 722, 711, 691, 651, 633, 666, 594, 564,
593, 607, 592, 548, 544, 545, 552, 539, 530, 515, 494, 466, 467, 460, 414,
439, 451, 463, 481, 465, 455, 523, 565, 531, 470, 468, 473, 495, 527, 546,
553, 567, 501, 486, 504, 476, 440, 382, 379, 376, 375, 388, 408, 419, 428,
427, 444, 424, 443, 426, 398, 390, 393, 403, 355, 332, 310, 298, 307, 319,
306, 349, 353, 366, 365, 381, 397, 406, 396, 395, 384, 392, 402, 387, 357,
360, 361, 348, 314, 302, 326, 318, 308, 317, 301, 296, 292, 284, 277, 278,
248, 220, 209, 203, 213, 221, 227, 249, 253, 281, 274, 257, 282, 285, 289,
286, 287, 258, 254, 259, 272, 303, 275, 263, 240, 225, 202, 173, 182, 193,
218, 222, 224, 231, 237, 217, 216, 210, 201, 200, 197, 205, 215, 196, 192,
184, 187, 171, 157, 163, 143, 135, 115, 127, 151, 147, 176, 172, 144, 140,
128, 101, 100, 93, 105, 121, 137, 145, 152, 153, 102, 98, 86, 77, 95, 96, 81,
63, 31, 29, 32, 34, 36, 47, 58, 60, 87, 110, 113, 116, 129, 134, 148, 138,
154, 165, 174, 188, 206, 229, 232, 234, 250, 242, 238, 243, 273, 283, 299,
327, 328, 320, 323, 315, 297, 290, 309, 322, 333, 341, 350, 340, 354, 343,
346, 362, 358, 372, 405, 404, 416, 429, 432, 430, 436, 456, 433, 431, 412,
385, 413, 422, 449, 483, 490, 524, 520, 505, 509, 528, 562, 554, 569, 604,
627, 628, 608, 614, 605, 598, 591, 572, 551, 540, 533, 532, 537, 529, 506,
485, 474, 477, 496, 510, 502, 487, 491, 488, 513, 452, 458, 446, 450, 447,
445, 423, 410, 438, 437, 435, 421, 415, 409, 417, 441, 457, 434, 399, 377,
369, 368, 359, 338, 344, 345, 334, 370, 407, 367, 363, 339, 331, 335, 329,
300, 304, 279, 271, 267, 276, 266, 219, 226, 230, 223, 199, 198, 185, 149,
158, 175, 155, 159, 166, 177, 178, 167]
