90876.65744451403
[233, 235, 251, 260, 264, 300, 304, 279, 271, 267, 266, 276, 283, 273, 243,
230, 226, 219, 223, 238, 242, 250, 234, 232, 229, 206, 198, 185, 199, 149,
158, 175, 177, 178, 167, 166, 159, 155, 136, 130, 118, 111, 106, 110, 113,
116, 129, 138, 154, 174, 188, 202, 165, 148, 134, 153, 152, 173, 145, 137,
121, 105, 93, 86, 77, 98, 102, 95, 96, 81, 63, 31, 29, 32, 34, 36, 47, 51, 56,
58, 60, 87, 88, 89, 69, 61, 48, 41, 37, 64, 70, 107, 103, 112, 124, 131, 133,
139, 141, 156, 160, 162, 150, 204, 146, 142, 97, 91, 68, 59, 54, 50, 42, 28,
30, 19, 13, 8, 12, 11, 9, 7, 3, 4, 6, 1, 0, 2, 5, 10, 17, 15, 26, 46, 79, 80,
85, 90, 114, 126, 92, 83, 84, 78, 76, 45, 44, 35, 21, 24, 20, 18, 16, 14, 22,
23, 25, 27, 33, 38, 39, 65, 55, 40, 43, 49, 52, 53, 62, 66, 57, 67, 75, 74,
73, 72, 71, 99, 94, 82, 125, 119, 120, 123, 122, 104, 108, 109, 117, 132, 180,
181, 208, 212, 255, 246, 256, 228, 239, 241, 247, 270, 313, 325, 324, 321,
312, 288, 280, 245, 262, 269, 261, 295, 316, 294, 268, 252, 236, 214, 191,
183, 170, 169, 186, 195, 211, 194, 190, 179, 168, 164, 161, 189, 207, 265,
244, 291, 293, 305, 311, 342, 330, 351, 364, 380, 394, 400, 386, 371, 352,
337, 336, 347, 374, 373, 383, 418, 425, 411, 401, 356, 378, 420, 448, 454,
459, 471, 462, 472, 482, 480, 500, 514, 519, 521, 518, 512, 508, 517, 526,
543, 538, 542, 550, 558, 557, 590, 613, 622, 632, 631, 621, 617, 584, 575,
571, 612, 629, 601, 566, 579, 589, 620, 611, 616, 588, 583, 574, 578, 610,
600, 599, 577, 570, 561, 580, 576, 585, 606, 636, 641, 649, 663, 664, 670,
658, 662, 657, 654, 642, 639, 630, 608, 628, 643, 644, 645, 650, 665, 671,
677, 684, 687, 694, 700, 703, 707, 708, 704, 695, 686, 690, 696, 714, 720,
719, 718, 730, 729, 727, 717, 709, 712, 728, 732, 731, 726, 725, 716, 713,
706, 701, 702, 699, 697, 705, 721, 715, 710, 698, 689, 685, 680, 673, 681,
653, 659, 668, 656, 676, 672, 661, 646, 648, 647, 679, 688, 683, 669, 655,
675, 674, 652, 638, 634, 635, 596, 581, 582, 625, 597, 586, 560, 549, 524,
520, 505, 490, 483, 504, 501, 486, 476, 456, 436, 430, 432, 429, 440, 416,
404, 405, 372, 358, 362, 382, 379, 376, 375, 388, 355, 349, 353, 366, 381,
397, 398, 390, 393, 403, 426, 465, 455, 443, 424, 444, 427, 428, 419, 408,
473, 468, 470, 531, 495, 527, 546, 553, 567, 595, 568, 602, 640, 660, 667,
678, 692, 682, 693, 723, 733, 722, 711, 691, 651, 666, 633, 565, 594, 564,
593, 607, 592, 548, 544, 545, 552, 539, 523, 481, 515, 530, 494, 466, 467,
460, 463, 451, 439, 414, 402, 387, 392, 395, 406, 396, 384, 360, 357, 308,
317, 301, 296, 292, 284, 277, 278, 302, 318, 326, 348, 361, 365, 314, 281,
248, 220, 209, 203, 227, 221, 213, 196, 192, 184, 187, 171, 157, 163, 143,
135, 115, 127, 101, 100, 128, 140, 144, 147, 151, 176, 172, 201, 182, 193,
218, 222, 224, 231, 237, 254, 217, 216, 210, 200, 197, 205, 215, 249, 253,
257, 274, 306, 319, 307, 282, 285, 289, 286, 258, 287, 298, 310, 332, 346,
343, 303, 272, 259, 275, 225, 240, 263, 290, 309, 322, 340, 354, 350, 341,
333, 323, 320, 315, 297, 299, 328, 327, 338, 359, 368, 385, 413, 412, 422,
431, 433, 449, 509, 528, 562, 573, 619, 637, 624, 626, 627, 604, 569, 554,
537, 529, 506, 532, 533, 540, 551, 572, 591, 598, 605, 614, 618, 623, 615,
609, 603, 587, 563, 547, 541, 555, 559, 556, 534, 536, 497, 498, 507, 492,
493, 499, 489, 503, 522, 535, 525, 516, 511, 475, 442, 461, 453, 464, 469,
479, 484, 478, 452, 458, 423, 446, 445, 450, 447, 438, 410, 389, 391, 437,
488, 513, 491, 487, 502, 510, 496, 477, 485, 474, 457, 441, 435, 421, 415,
409, 417, 407, 434, 399, 377, 369, 370, 344, 345, 334, 367, 363, 339, 331,
329, 335, 724]
